id,target_0,target_1,target_2,target_3,target_4,target_5,target_6
0,0.06528927400824994,0.047050354373177006,0.3146174021352599,0.022914110863909716,0.3173466172948481,0.07447132265677521,0.15831091866778016
1,0.010846043474850756,0.019195562116362728,0.0036590236037062937,0.0020046962510219465,0.004982479363993724,0.9442444300496745,0.015067765140390002
2,0.019500553449667453,0.03090336938582783,0.03175111866264494,0.005354411306088248,0.02353843653536099,0.8672949632049632,0.021657147455447345
3,0.42776394421350433,0.12815273140544714,0.04628405905481895,0.03118660551362273,0.1499790168870204,0.02014676218110147,0.19648688074448492
4,0.012193768977554843,0.29007161123158093,0.016043146260445833,0.6263464215611494,0.0026174309151933734,0.02026878156922918,0.032458839484846506
5,0.05715891077297405,0.4912867517466981,0.2696424812534144,0.07391636162243624,0.058061310981541665,0.007962144097420153,0.04197203952551532
6,0.11600751141817275,0.29021990583790375,0.008007398552250468,0.5632226180007913,0.005872702472932679,0.00397696343878729,0.012692900279161725
7,0.004575764303203471,0.008267804348719245,0.006530719117228352,0.011360686693394479,0.007794583467984107,0.9578179229117405,0.0036525191577299215
8,0.1149995914488898,0.13862560442086447,0.1885500712935744,0.055476909471838545,0.40606717023206335,0.060322368763072017,0.0359582843696974
9,0.016448612093647497,0.5640486175249545,0.23917575504416672,0.04754681514972359,0.08103497332334708,0.03360999397396596,0.018135232890194714
10,0.3259388785263416,0.03494942730463962,0.3392375373276344,0.02399665160048135,0.21722821871158168,0.012385662154805849,0.04626362437451552
11,0.3335657221577417,0.04213811129917904,0.17972505716574924,0.007185860366564596,0.26414735147372426,0.015557339592895672,0.15768055794414554
12,0.10094739741050092,0.05476045372612714,0.171214178882813,0.00921601719266944,0.34931975564480977,0.1618839137934023,0.15265828334967743
13,0.1784221575526571,0.07867832163259982,0.4832466834044288,0.11850978773475615,0.10752904500213305,0.007994399976772159,0.025619604696653045
14,0.36426459799753486,0.019353739426386473,0.28702950547867057,0.0081913133107814,0.12459632408822652,0.04836155409401774,0.1482029656043826
15,0.02873315882515869,0.36687517395652613,0.06146480289047188,0.4697149028163222,0.034137684438906545,0.005818178890005104,0.03325609818260947
16,0.00666578908055142,0.20559799710424378,0.02349924566557579,0.4341527199229679,0.011274230940899474,0.2866244858636231,0.03218553142213844
17,0.30024363515778524,0.026052405643310208,0.2356846043760442,0.02145400885428709,0.1802707240123556,0.10362291576977119,0.1326717061864466
18,0.026325761990478362,0.23282826300642295,0.11519231799542855,0.028763493508660955,0.0723865851809591,0.5059766761579853,0.01852690216006481
19,0.055210106050323275,0.10644132898127501,0.1932654101678634,0.3201759830106431,0.01118593727606193,0.29012828512601124,0.023592949387822103
20,0.03656082811479308,0.0753281545857645,0.13326434931938486,0.6616686425972997,0.0580026382444937,0.010624672932358472,0.024550714205905717
21,0.47363160346339894,0.016483269688649903,0.14091502911282147,0.0061878780973490775,0.34242906642436177,0.002414913036509146,0.017938240176909606
22,0.041205421412511954,0.04988651699488863,0.15583310325241237,0.4261023058635291,0.020943415877311983,0.27519286393818554,0.030836372661160395
23,0.21136810138823203,0.00550031484426205,0.12733654611040793,0.0016769064737570155,0.548288508514147,0.0032705491254188287,0.10255907354377511
24,0.01061186988973445,0.41744468684614383,0.014432518256433565,0.5465641032360494,0.0016259751206690058,0.007659221247913361,0.0016616254030563016
25,0.4503398914652777,0.05983419031330507,0.260099689142203,0.045321226647814204,0.022439963463241373,0.11793077430516608,0.04403426466299256
26,0.26629419872053867,0.11598258383788292,0.021555173615904637,0.09018897577786364,0.02447745396259074,0.41018039349440355,0.07132122059081583
27,0.026993117639986252,0.016545199422561715,0.013433940340550206,0.005089092755813724,0.007967644193162154,0.9264342985444136,0.0035367071035123645
28,0.22646302481550523,0.10042970829726121,0.12418829400923867,0.0694330149618737,0.39524630499148133,0.017391820637184634,0.06684783228745529
29,0.11383053370603552,0.0639414912834597,0.14876966355694762,0.06762900013923612,0.14218146791767086,0.21557876640552295,0.2480690769911273
30,0.055604707926597295,0.43496473077406783,0.10658820623515601,0.2480586132269364,0.028763585396713368,0.01583187079656961,0.11018828564395948
31,0.15691601276905903,0.09281708248077075,0.17175651158431116,0.038476619034883315,0.14660042081073876,0.21605149353303832,0.17738185978719864
32,0.0836157693558043,0.03935958846963124,0.4214495259720952,0.027412519387333835,0.2546233852315601,0.06041671342770758,0.11312249815586775
33,0.2616101183399009,0.14051612758773174,0.23435718672577072,0.06310365926353169,0.2514679589212753,0.011055266626175687,0.03788968253561405
34,0.12511962530182139,0.11022414482652358,0.12458458137682375,0.4553007799638653,0.06233093458849221,0.05157057328943916,0.0708693606530346
35,0.10678388250891561,0.021012619374952884,0.3154367496344619,0.019668320738382084,0.38596128663555396,0.007149179961463209,0.14398796114627027
36,0.16276982248262525,0.03329896167068265,0.3040490236932254,0.022641042019721135,0.20968958229830112,0.13809315626576724,0.1294584115696772
37,0.04029894150606272,0.4710374989647786,0.32549161564934176,0.04042746642304848,0.035417841679506804,0.031193055642251506,0.05613358013501013
38,0.07854605396087089,0.020360217846051118,0.508811870400085,0.007918263414395534,0.3495163606893856,0.002049171383434487,0.032798062305777385
39,0.1085891462063912,0.01883873991246144,0.45415632501568265,0.013951232386693461,0.15723086478741746,0.005072802688950498,0.24216088900240335
40,0.09582083208186293,0.030289085642225662,0.4038055795330358,0.1192314200824664,0.23745024795320524,0.08204695489112564,0.03135587981607831
41,0.09013442430185248,0.0888930309701625,0.09353640093845411,0.020618707023398027,0.22890925506842275,0.18391061496331623,0.2939975667343939
42,0.026500151173076233,0.6083589097557671,0.023645553697455267,0.2208452106135144,0.0057734648711424835,0.010449736746399143,0.10442697314264535
43,0.15235879328320237,0.03449054807858707,0.30781988894014717,0.02326354612989174,0.33836868875939424,0.07700671059486199,0.06669182421391551
44,0.08547790110709257,0.021351286562395357,0.5742105542355027,0.2263963522472612,0.06479592807554556,0.015855820539436464,0.011912157232766141
45,0.17548024140081162,0.013185124155783228,0.38129590262547103,0.014265127430473814,0.1770280643100679,0.16951984374933948,0.06922569632805288
46,0.009510434959639028,0.06789755373788894,0.014938609137172461,0.06152749767042324,0.031969119498940456,0.7592266392786916,0.054930145717244236
47,0.014125069564183539,0.05370206425002074,0.0047755297005171015,0.9173815614797931,0.0020699578254354547,0.005050206293143648,0.0028956108869066205
48,0.004017417359089333,0.05682263333201951,0.0035284332209243392,0.9249883021169875,0.0006496818867992845,0.003737499700242371,0.006256032383937844
49,0.0021066564967122193,0.00586486347752435,0.006151889289975414,0.002737601153649993,0.0029752608958254875,0.9765517029884274,0.0036120256978851746
50,0.3623249440524989,0.01693837891453024,0.22337546086463292,0.009936224792522829,0.18296014244115844,0.1572554821706764,0.0472093667639803
51,0.31380428693608575,0.008921002352655309,0.24414161683030072,0.017242277957487024,0.34225181732137516,0.02566228628710582,0.047976712314990386
52,0.5530193358785833,0.0923943719686364,0.045840305999269776,0.01497152396145076,0.05923839749500868,0.1271465010659648,0.10738956363108616
53,0.10093998178983314,0.08299243611335443,0.12505087925105007,0.016844795955244705,0.09195819476383693,0.012754589082794214,0.5694591230438866
54,0.1797836254199154,0.03005930810021168,0.2310136153108233,0.018425038499901916,0.12691455350009875,0.030309044362944074,0.3834948148061049
55,0.0894652856896691,0.040253706361368345,0.22242816056891274,0.06525056547003737,0.11385837707353269,0.1390982638996626,0.3296456409368172
56,0.104413936868378,0.2904233943601196,0.24321880424430734,0.029233873601220917,0.2794779176667894,0.021911125003038913,0.03132094825614576
57,0.12572949943012687,0.019911907081203776,0.05527975417138847,0.0021009740355159277,0.053750540455135776,0.026107360006747824,0.7171199648198814
58,0.07328773740879416,0.02742856522835921,0.41873139750208943,0.05891838326109776,0.3548142590695073,0.008292435713088561,0.058527221817063664
59,0.346279992225098,0.14142738825310772,0.0970723076705206,0.06969759438285751,0.1669400253272547,0.015549365954221074,0.1630333261869405
60,0.07075008271482847,0.07934792014866995,0.2970182415029834,0.047939485049970115,0.13684533396689852,0.05767255414502572,0.3104263824716238
61,0.15970683727797816,0.16455867484527412,0.18320201221248897,0.009753094046705124,0.10490784612584794,0.22647870284721486,0.15139283264449083
62,0.0431887383489492,0.22818129758848527,0.3947664510296025,0.13623409914568854,0.04634146600081837,0.05210688891091481,0.09918105897554129
63,0.22766759970926206,0.017287655829183696,0.16889539544041546,0.018669587773244643,0.12037466958743481,0.01748333504958902,0.4296217566108703
64,0.051995161970705014,0.003406005521737347,0.0452956876135186,0.0028431880716634095,0.0560330073179333,0.02179918364776931,0.8186277658566731
65,0.1878593175265271,0.010044628032660369,0.25159007803605643,0.0020553304474779047,0.5357607783542986,0.006552762654880753,0.006137104948098901
66,0.11407487847325708,0.024281790884666178,0.27165711669954923,0.014266921156974446,0.2253156997731416,0.022534832470164898,0.32786876054224656
67,0.1424619738143736,0.06646443765063066,0.0962767119506642,0.23475812141149058,0.08238358466804377,0.18142795824900557,0.19622721225579162
68,0.2436939977841132,0.011246831435859733,0.04670777424549127,0.008548499175825092,0.06762053471313266,0.033933134003179224,0.5882492286423988
69,0.025821303828272777,0.7885956284395591,0.05460177191743593,0.05127485472541623,0.010984455617985275,0.02165638143777855,0.047065604033551964
70,0.09084876327244248,0.03714580670349646,0.18580399870481792,0.06747356597429169,0.2894789910250289,0.014377844256269099,0.3148710300636535
71,0.16162672989300425,0.08533897623363342,0.3131557408126182,0.0469010746543732,0.24120560000643623,0.04014255919942413,0.11162931920051071
72,0.006685966743789136,0.7649732030957653,0.014723611107395701,0.17875757214920535,0.0021110103790789917,0.026371300583641233,0.006377335941124362
73,0.11215902387339596,0.038332065675772894,0.20315035519290922,0.050351866066302604,0.190066099407133,0.3251032981540235,0.08083729163046272
74,0.007419787049104142,0.45345450893104117,0.00825208170251311,0.4477287776440703,0.00432138964937199,0.025131621258539,0.05369183376536013
75,0.1443631507557237,0.05041860878183564,0.12186671678242238,0.012254552616586666,0.20889325482711563,0.14791622052689365,0.3142874957094223
76,0.09654122948983096,0.15289560003785713,0.15258126597644794,0.01311322694639075,0.34604147464775203,0.04346040038231791,0.19536680251940333
77,0.14903257785807333,0.0476497926175219,0.26209170352553807,0.019736962269282374,0.14024028327265453,0.15023508598881258,0.23101359446811737
78,0.2108352634651603,0.008498850399241155,0.056930123907577096,0.003441373738645989,0.4449977002820691,0.0048386746828294755,0.27045801352447685
79,0.007247687155541852,0.17005221472479673,0.01103197679359906,0.7933744570112887,0.001983204884218007,0.008547012208911187,0.007763447221644366
80,0.13342829180178745,0.023350112028419502,0.21566491491002696,0.010254111201215442,0.23051744853037098,0.08258270880103266,0.30420241272714704
81,0.11876752054110848,0.08969538008854573,0.17846323103152736,0.090828965529785,0.3873147445931947,0.0164048563452965,0.11852530187054203
82,0.25185777670299314,0.010846818041346743,0.07561412199302713,0.00564132200581429,0.3487379921477102,0.029877428884596206,0.2774245402245123
83,0.05268843505583214,0.3614487368635386,0.1169935178258125,0.34555738098924044,0.012314144666597573,0.09768176561959738,0.013316018979381576
84,0.2870611007738224,0.024611152153192355,0.3761004913318865,0.006987630752057064,0.25266862409405405,0.008712182808588508,0.04385881808639901
85,0.33214637747880366,0.09806087561734501,0.1791269481750318,0.14079389163085818,0.07973714146396858,0.011586092596145152,0.15854867303784767
86,0.021595125746418944,0.05722866331318416,0.017873874708987297,0.8662193012936872,0.006361152534929028,0.02732726107232362,0.003394621330469883
87,0.0940156124461905,0.06908097894151136,0.050017770235624086,0.21307033929213556,0.022172317717610742,0.5014973669552418,0.050145614411685954
88,0.20169302752262308,0.023851310358172735,0.041631480845526744,0.005638878538341253,0.40333967441204127,0.12113656278642138,0.20270906553687362
89,0.043745009109351266,0.03797625924616161,0.16658870750263988,0.008300392890600309,0.10968672198531557,0.5711933845309541,0.06250952473497727
90,0.3693561837353115,0.011078424798537718,0.1418357456423041,0.004622916458094317,0.15464919351717143,0.015388336953854675,0.30306919889472633
91,0.34705193355132796,0.004341176646621479,0.36341734250020313,0.001984202462799795,0.11662115565067761,0.018691698318043397,0.14789249087032658
92,0.0719035054825346,0.38484381095069076,0.07824884778145684,0.0660353825045171,0.14478476067251797,0.051191464707772985,0.20299222790050972
93,0.21801500540796007,0.3017026548726133,0.0440112293887899,0.08658881432460286,0.03958916857617768,0.2578057433050086,0.052287384124847756
94,0.014824519463898395,0.5464354850976239,0.028068682063457806,0.3989384693963787,0.0034926862901549743,0.0030763918626611794,0.005163765825825135
95,0.057507626667412194,0.40977353519847154,0.09541025219181053,0.02122275802217047,0.14574691627521125,0.17334307992437992,0.09699583172054416
96,0.0024753939083056345,0.02511235003360245,0.0014010383928895456,0.9667886290906399,0.0002703729470929422,0.0030520289900140074,0.0009001866374554848
97,0.29558099438667285,0.05447241503373136,0.3492591970809916,0.13254124602896283,0.11616565086782893,0.018881125203970586,0.03309937139784188
98,0.4263422341162885,0.04926880258611322,0.10893770739310024,0.0059183724746337835,0.10304323175483379,0.24083923149956654,0.06565042017546383
99,0.3288794266673909,0.010196956942020108,0.05358589031086146,0.1992512133619123,0.12969456597679066,0.06088813968820168,0.217503807052823
100,0.18809133474963174,0.013835956950882109,0.17819743082849251,0.005168380096522883,0.1262956792991854,0.008805615426908723,0.47960560264837665
101,0.45520879669548103,0.004463025546705114,0.18686765237754208,0.002851581295144655,0.266657856111464,0.039997742179437176,0.04395334579422617
102,0.2731157918787824,0.01789637311134307,0.27145356174555224,0.00204725383818503,0.39292626358189914,0.002649492237063081,0.03991126360717509
103,0.005385341791464141,0.013056719639574567,0.020264978195463978,0.0037224539412392685,0.040289307992379564,0.9127312428626145,0.00454995557726396
104,0.3386813684612972,0.08355958937086695,0.15554412163592574,0.03148737127908721,0.1711082494977644,0.03749518979425953,0.18212410996079886
105,0.06166600972885153,0.2395912564135367,0.05323650430163735,0.36762549020055824,0.10887139020425671,0.07464878718801271,0.09436056196314666
106,0.146805574163372,0.012512838811141295,0.22591791240091688,0.0055198488443899026,0.5678056934973832,0.004671425971363937,0.036766706311432834
107,0.06901024776378742,0.13055408806771346,0.14748912016916982,0.09900428318695413,0.04094605375871626,0.09723341826673487,0.41576278878692396
108,0.017996161492421822,0.20482689063081666,0.0544692651530081,0.6247749963697199,0.05043662705113739,0.03607973422345673,0.011416325079439463
109,0.15256188625376918,0.08857426446653077,0.21618896103922633,0.0068040793621522,0.3254092017648088,0.024132764536785107,0.1863288425767276
110,0.2370199625376692,0.04521204388612068,0.1890185681165812,0.03654897497228393,0.2935556664263538,0.11837045578073756,0.08027432828025377
111,0.08742498112952286,0.2598551029674397,0.13687162279290896,0.043158839528520836,0.13549257783900678,0.2181039295568565,0.11909294618574427
112,0.1131094657739462,0.025000492349499817,0.2430527876683356,0.012160087418031096,0.5247995281393666,0.051175011712094036,0.03070262693872669
113,0.18510356113481305,0.15108079052739046,0.08096851685742934,0.295118939220526,0.039908058243207985,0.03266254350939634,0.21515759050723693
114,0.39847707824630557,0.01385373719727714,0.0760781361817136,0.08530494608871536,0.26333592581456333,0.038793829903045,0.12415634656837982
115,0.07926055857638382,0.4993261242933657,0.09667365699820504,0.2883889852481614,0.014320866200679475,0.01612852061288955,0.0059012880703149355
116,0.018748797704019656,0.0630680798684548,0.046780295586961035,0.28612813384604957,0.03997173852036208,0.4715116114112835,0.07379134306286926
117,0.020489479218620106,0.27295214213081914,0.06703985327474066,0.5170219711700172,0.005814101631888322,0.11084496688085584,0.005837485693058829
118,0.17702750881899618,0.040882163610798924,0.03402977338823701,0.006879425960191792,0.04025183493523284,0.6182062986575522,0.082722994628991
119,0.08506064218144786,0.00678308452174802,0.19586020415865552,0.017060606488389165,0.1950469766516035,0.02286046309288444,0.4773280229052716
120,0.26800505692910437,0.010270016334756939,0.2631183577181564,0.0071676135391569055,0.41433514612103295,0.011970719847536749,0.02513308951025582
121,0.03213068795110191,0.13690405457958296,0.08681087423171496,0.067902080969203,0.26821135441688476,0.06527243758691681,0.3427685102645956
122,0.01821609410616874,0.1891561687963831,0.041431709777346754,0.20549139966661614,0.01204623741398442,0.5220692576167332,0.011589132622767683
123,0.05073858640177964,0.023009858339562598,0.10488841017262122,0.020243944265157864,0.11905819414198529,0.18827948718810622,0.4937815194907871
124,0.1645721429246075,0.08456039415908011,0.12343693654266284,0.03012573026657934,0.1478982089454591,0.05914606986614012,0.39026051729547107
125,0.0600894134117566,0.16408977578057937,0.09005051493904837,0.41873176083979124,0.0402397043372199,0.06353594602054237,0.16326288467106212
126,0.31384241673800234,0.027618881203676473,0.26731675614621336,0.042635249234666356,0.16500211880846286,0.05189947453608018,0.13168510333289848
127,0.18946588114974725,0.03045987727533155,0.48414411412702146,0.005358559000205525,0.2272704168126866,0.005292943695582959,0.05800820793942472
128,0.10135245326317724,0.02712212854645271,0.051210560433899974,0.0211760935624944,0.04821959213002954,0.720267069507861,0.030652102556085133
129,0.18658069710791197,0.06323046131827802,0.08610789741106516,0.033442445812630645,0.07040605357555407,0.25750647663297965,0.30272596814158054
130,0.008422029935598815,0.9057615783256957,0.014227371338791768,0.05421704105750279,0.005172040232591798,0.004442900171264436,0.00775703893855448
131,0.15563921531191732,0.015184959692847643,0.2186305698479828,0.03134364090238487,0.5486934515158819,0.00365474504940302,0.02685341767958242
132,0.013096371493998392,0.02065376246060681,0.005026903338444943,0.9542733756759735,0.0010372226982799117,0.0044233589170730985,0.001489005415623245
133,0.1479101300182256,0.06772050615346872,0.2655858420991958,0.026069803013515015,0.3262436503783562,0.08003934668331639,0.08643072165392217
134,0.20676887769842384,0.03941594100371733,0.3875627052054082,0.010041900829950472,0.2892811372025856,0.01689574664041091,0.05003369141950359
135,0.0237337953808572,0.5381996435707811,0.01868027912199369,0.37437321734921347,0.003033778666018445,0.03668614653356997,0.005293139377566335
136,0.10726924802517654,0.10552526521290029,0.1967772784564337,0.17143785031856637,0.3031809103246227,0.024551795860900904,0.09125765180139944
137,0.277893437440208,0.02938246824381073,0.3271252575264993,0.008546022553931042,0.12106973855264415,0.0164645696744396,0.21951850600846703
138,0.3014580324732462,0.013139304431348626,0.09018062282244887,0.0038169935222686167,0.4479936087794879,0.016879671680620826,0.12653176629057902
139,0.04202359963253076,0.3082745197877004,0.02379742392394287,0.11836488318900168,0.02630095653649283,0.3128110340840707,0.1684275828462607
140,0.09712592536026277,0.0842066034757345,0.21911144656323583,0.040358377926340366,0.11174594497980304,0.023338171951311246,0.4241135297433121
141,0.1229972274974434,0.3018389596832272,0.22237388722708215,0.04786330581691385,0.19120225880893837,0.05043598467518732,0.0632883762912078
142,0.08231883034010205,0.035577324582417684,0.1891223849080747,0.01539425059616192,0.5032278469355496,0.07924059097978879,0.09511877165790524
143,0.020822246119944682,0.2801021791160391,0.05693914341811541,0.6270700576473118,0.004429521906297815,0.00377240133431161,0.006864450457979455
144,0.2740574862007479,0.023188105079409334,0.062358311461069654,0.013912417917171536,0.11692431618236249,0.08764147952769574,0.4219178836315433
145,0.04841329626304028,0.017515843428874918,0.04755902902447729,0.007040045801419309,0.04571737854766825,0.24313238252217134,0.5906220244123486
146,0.004185111197725495,0.01712634074417503,0.004203376984979298,0.036752734654374085,0.0029448461625849846,0.9330447209449934,0.001742869311167801
147,0.013355923110926224,0.7294252931997119,0.012159045428915981,0.1351817258161198,0.002653252401911248,0.004055959054538994,0.10316880098787568
148,0.0412575639135187,0.310031125621479,0.048496460890540306,0.2899360843390099,0.04600676522875264,0.17522090593651382,0.08905109407018556
149,0.2881082157165574,0.04380528333343005,0.2150011092579389,0.0626132728321978,0.18055063862806664,0.10330722903098763,0.10661425120082142
150,0.005108053671265044,0.7876920965724553,0.017351234335510106,0.14548863977977344,0.004379275242763124,0.027257929105719263,0.012722771292513904
151,0.1583372831109521,0.03472490114509428,0.46199443501760923,0.04727499883385218,0.13635969512918095,0.09891805347976616,0.06239063328354512
152,0.01474758598940137,0.07225300879208922,0.03321839304696001,0.01401639742853844,0.012219477181219284,0.8497691264033996,0.003776011158392074
153,0.006628264846901455,0.37405886388968823,0.008085967989217282,0.5959863438110088,0.0013778180198331994,0.009649699552894244,0.004213041890456814
154,0.09538242814604589,0.22442203521351867,0.1451558096196017,0.31146130734430594,0.028463081660416778,0.06328218141305138,0.1318331566030597
155,0.13231436711045508,0.17136047007453525,0.23095181509043977,0.01448791898237348,0.054269988890036445,0.2816040643155731,0.11501137553658687
156,0.12882619782741705,0.05202796278863661,0.5938508016151804,0.015311921146818681,0.16480101584096107,0.019077127752107743,0.026104973028878486
157,0.4740243705599259,0.03474584600481503,0.14735920275193254,0.016286842954758334,0.24245793469239973,0.015490017141510014,0.06963578589465845
158,0.007350501591867418,0.1492042606692895,0.007111951830494887,0.7788674267793891,0.0018427524647162824,0.013309870143357255,0.04231323652088544
159,0.0016951134881463843,0.02275422311586765,0.009012387571673233,0.039181002894840625,0.0027313615959504273,0.9217034853309575,0.002922426002564196
160,0.01713133469236392,0.17464049283351474,0.05750477595398609,0.02198246005754456,0.02418298916307359,0.3345673793225172,0.3699905679769999
161,0.09123010708933313,0.10654192049846871,0.45320141817014903,0.06068679096372115,0.12786428026009436,0.04835062126123392,0.1121248617569998
162,0.14143501683222914,0.0376184148873317,0.18084188011913058,0.025388196117002264,0.3871241729639677,0.1128888376991719,0.11470348138116661
163,0.01713800039044652,0.05891384441452221,0.016524224811274003,0.8811962722766041,0.0028120265558130306,0.006754455588973689,0.016661175962366454
164,0.0853591683478326,0.1496753069199554,0.1927860483802001,0.06693772674744287,0.1763475256249832,0.08392286485983612,0.24497135911974965
165,0.5141172045748857,0.007049181911841983,0.1754650807620823,0.002764776165008472,0.2099887097295881,0.0516264968615441,0.03898854999504947
166,0.1486337972370553,0.047688155072271254,0.11914178686354424,0.3532577970187624,0.03333711322303581,0.17598246382229776,0.12195888676303326
167,0.7680007034047807,0.012754978941294483,0.043105766427902585,0.008304786284174097,0.09630540384102518,0.005654962893256958,0.06587339820756621
168,0.060696652362497855,0.003760612145250331,0.031319755102658234,0.0015939121368207581,0.05336033961619926,0.008479275028798394,0.8407894536077752
169,0.18209050717018888,0.11862908089049323,0.21913641521394234,0.021729861207588002,0.13401515807265052,0.1926795091766834,0.13171946826845357
170,0.06224032050588106,0.013212807189549364,0.13198038275458202,0.002784550639489027,0.07833290351421747,0.007780994028013026,0.703668041368268
171,0.2746187414299724,0.08249341331438702,0.46642408763358334,0.06333993874750506,0.05562666878465555,0.013031967869585524,0.04446518222031099
172,0.5062722484724258,0.007921835757043125,0.18248726021254943,0.0022688424740483345,0.11533138026722259,0.021507821473713662,0.16421061134299703
173,0.20253320531509683,0.2260897855950708,0.1883510968211938,0.022018206274416995,0.13947855624699837,0.029996508934648145,0.19153264081257498
174,0.20194064317871313,0.06660988560595905,0.09014280048108263,0.044263448950670664,0.12977776168806346,0.2113516179975278,0.25591384209798324
175,0.21253199943018986,0.008971150552568984,0.22351960743104568,0.004747693406615722,0.31111014999882214,0.031990202534519424,0.20712919664623813
176,0.026473549341109858,0.04961113161230696,0.6716627240202043,0.1531627084205232,0.06868790208683344,0.011930652233297688,0.018471332285724618
177,0.08899859126636377,0.08526568008519302,0.3290927048219112,0.03495729542920058,0.3860197549440607,0.011727885699286417,0.06393808775398431
178,0.007253213864798667,0.23925530478134333,0.014543200308056527,0.6106436158503966,0.005114399118598206,0.10725426353046116,0.015936002546345487
179,0.17201442539020997,0.04722483863972746,0.378261800579189,0.04901279435153744,0.1871892170978779,0.013664349678688705,0.1526325742627695
180,0.022905838495919068,0.12779852231237251,0.05096255746001395,0.05760890064058004,0.01733500419311019,0.6911898473639683,0.03219932953403603
181,0.021829601323692705,0.10652260429187291,0.06097318768340575,0.5377778702050471,0.015828553020660545,0.029654618523746276,0.2274135649515748
182,0.11159432110706224,0.00423320779120497,0.035701467557969595,0.004519787568284767,0.10646407388112118,0.022305823128550725,0.7151813189658065
183,0.09398861230571931,0.08627391312622933,0.5001416591042614,0.15580289344710638,0.10749601087147795,0.025770900222679277,0.030526010922526277
184,0.1399458198497275,0.40746240656809407,0.025179736832252483,0.360275693508176,0.006600896998677901,0.048641407762915506,0.011894038480156504
185,0.21636265160848667,0.006341877420759776,0.2418208431876671,0.0024262735454780226,0.40344990313502355,0.004411745242269343,0.1251867058603154
186,0.12355233550680876,0.15246575955854866,0.11345505239801075,0.05249465022822922,0.07234301761375707,0.10774677116716529,0.3779424135274802
187,0.010844828466899901,0.02743552063463903,0.13300755234134926,0.08360624946646202,0.08323122229584282,0.6003208400231779,0.061553786771628975
188,0.041064927130536236,0.278094595936193,0.06981479745731087,0.5657346643814778,0.01340612498948208,0.011138067914160178,0.020746822190839915
189,0.03621640025734791,0.07612413377575232,0.07546463650566546,0.01286465425959988,0.23081851484643778,0.44920759613037087,0.11930406422482578
190,0.008223221781994092,0.09254101708457418,0.003289014875042437,0.8656161519423173,0.00155966406983769,0.027478114414914812,0.001292815831319571
191,0.010364258572226453,0.07593361722624922,0.010763216756876599,0.8440751918283597,0.002716445989381272,0.023496805654365422,0.03265046397254134
192,0.3612567453800656,0.018404067481519994,0.24254742966359089,0.02658505572177785,0.0579753999764095,0.2555248398444128,0.03770646193222348
193,0.03840832126540676,0.3357760846256913,0.05960912835388023,0.11953535079467163,0.021547080957000687,0.34014921311147034,0.08497482089187892
194,0.08711526746085735,0.09545572748043538,0.07512927519004857,0.014057080932569207,0.6353998982041899,0.03342360581523095,0.05941914491666864
195,0.31411648815760135,0.020819037280854484,0.31352668044573295,0.004648042738318154,0.3122909500907142,0.0171411872752565,0.017457614011522165
196,0.010185873865032098,0.05410111708555523,0.005495161954907723,0.9058850310633567,0.001178763777765162,0.011432952890142263,0.011721099363241005
197,0.09371625652896858,0.23892811368176933,0.30037169532046126,0.07006008512381598,0.2702316320344689,0.009675014452500283,0.017017202858015605
198,0.4611350389147683,0.022410096965695674,0.1688135404711251,0.0297485483127436,0.29737988681213046,0.0018581034035797597,0.018654785119957322
199,0.6087349573058775,0.03038544138960422,0.05873581503499888,0.06366882897178704,0.044185658501096944,0.015167916909423967,0.17912138188721144
200,0.027382201913327988,0.38555872748141795,0.03981731428058094,0.5141306291099212,0.003930975870236444,0.010333454105595146,0.018846697238920407
201,0.15312541250145842,0.006861934248347961,0.14665945133870292,0.002291142544534075,0.05303416179329874,0.020477800864521202,0.6175500967091366
202,0.13730401801426145,0.1454021471219922,0.2831189536350606,0.1623371344413893,0.11590510021055017,0.06149158221368796,0.09444106436305821
203,0.02245338815323897,0.04824792962145768,0.05484938067385274,0.3068399613250785,0.025663300688265073,0.4293296354880975,0.11261640405000953
204,0.053381700312829516,0.08507884100766712,0.49367972123038184,0.025986748843697036,0.053418629019492105,0.16935419654986889,0.11910016303606351
205,0.04498437558774828,0.5400807717939295,0.0503593952020428,0.2788924322544928,0.011335762379958186,0.013255319843424472,0.06109194293840391
206,0.02719333707579507,0.13068469190175752,0.027046796123322205,0.7669104206322442,0.005161662616420594,0.0212946126475761,0.021708479002884334
207,0.19538375869060837,0.1216240125321129,0.1796200282250581,0.02484661155352762,0.2441809494236682,0.1038059943600002,0.13053864521502478
208,0.47671218691597095,0.014110362682083367,0.2020531019194025,0.03565550236720548,0.08352060519560278,0.05292076016983757,0.13502748074989737
209,0.28000289751906554,0.009701950805627071,0.34293300676033317,0.0015203469644759823,0.3163580697840923,0.007329626159364176,0.04215410200704181
210,0.09440809169179988,0.07675722472293027,0.09897131230861209,0.5979679974460237,0.026475013593150805,0.08138719822295559,0.02403316201452757
211,0.15877607596937324,0.14031941390973882,0.19000153829797994,0.05100620757658193,0.30185729119266785,0.05362715804325108,0.10441231501040715
212,0.0651098248044398,0.015686460148163356,0.4720384097686273,0.22223324479906434,0.1799613506111547,0.020219239786591806,0.02475147008195868
213,0.04316913412851283,0.005264637056962761,0.11806238357791407,0.0025979370627786966,0.04939215103187235,0.002825616934514294,0.778688140207445
214,0.10462025946414745,0.21437658867383097,0.09008304365302001,0.4346709293166829,0.06392399229277397,0.04895594967206062,0.043369236927484005
215,0.08822754729054155,0.06199246739326938,0.6892020251094247,0.05252451185058733,0.03121382343048614,0.05089899229066304,0.025940632635027917
216,0.1745279375684245,0.02175196905612733,0.2304428570419219,0.01197783546491123,0.4108640152706755,0.052845962428540054,0.09758942316939936
217,0.016341953608712746,0.0679060636371835,0.009906330747885553,0.7292208558311826,0.0025793861794248694,0.1619209885920228,0.012124421403588085
218,0.010702122660844606,0.01502038756593861,0.030386219772364893,0.06367535371125033,0.008546428820342343,0.8541592027250026,0.017510284744256654
219,0.05293153618151517,0.05638321976966228,0.06784465948327095,0.2707862026529645,0.01016527927460903,0.5345578086582472,0.00733129397973089
220,0.1677082350149343,0.09448929175513533,0.1766613435727465,0.028747744272675544,0.05563758727418709,0.4290613502029192,0.047694447907401884
221,0.010397597131234188,0.007277414834393718,0.11355504410292974,0.037814952157750215,0.006754956708517471,0.8220834177572923,0.0021166173078823285
222,0.0521902973668734,0.12446541953012293,0.08906489971893222,0.10889156024054567,0.12295837423577059,0.3273028403579161,0.17512660854983908
223,0.41628042525528886,0.006437565612723871,0.2796454625918003,0.005530374190427189,0.2586236107860651,0.002973315986866492,0.03050924557682826
224,0.12679869415915113,0.1284262266504523,0.2842525813316613,0.35914857357892566,0.017565441413747766,0.020114905937851587,0.06369357692821019
225,0.0010442315134836383,0.006036634173317523,0.000996960403009541,0.004509387994960502,0.0012500663548007552,0.9836085951043276,0.002554124456100304
226,0.499917361458624,0.045261802959158416,0.13653267551261677,0.011537606506220918,0.14732625441890657,0.04138425759027427,0.11804004155419918
227,0.060269960806331464,0.26469290549408286,0.1303525244125843,0.2311550081176653,0.05274488227927684,0.03519979900347495,0.22558491988658427
228,0.159430241758684,0.12935850319739298,0.2750359595365094,0.04227481517964175,0.23813304936756383,0.01528104129621741,0.14048638966399063
229,0.8802562109701941,0.03173213392383117,0.021390111876627392,0.01824414887709487,0.008555303722765086,0.025437889395016962,0.014384201234470278
230,0.011675297693945508,0.13850565020539277,0.017528540981630276,0.7094653384663109,0.012048020998612042,0.08206989452165066,0.028707257132457947
231,0.04627231554162727,0.05954210542203982,0.0902196196056309,0.026332614361618416,0.0542704074051386,0.6828886510453569,0.04047428661858809
232,0.027876318231595025,0.43038843012157857,0.03552563937512727,0.41296335838660075,0.02350376446446211,0.015359917654759928,0.05438257176587633
233,0.15113230716396459,0.007370033646064104,0.27424451377692083,0.004697725692789229,0.5034163358134853,0.005185300869846857,0.05395378303692888
234,0.3467762465128053,0.04081286002767605,0.08825488111658181,0.012453877675513729,0.12264252082384883,0.10437882515135541,0.284680788692219
235,0.11138448305172789,0.007625513143891714,0.1867235120922931,0.0034956723330689127,0.19293168479198244,0.019875419154783698,0.47796371543225225
236,0.023309782028766927,0.6371360218437165,0.04623346692568563,0.1734593360122658,0.012576402479058947,0.05853122459153744,0.04875376611896883
237,0.020226697871317877,0.02384850879314208,0.2450093839068921,0.07368229537995627,0.17763450612361212,0.04106190572197598,0.4185367022031036
238,0.014669882907773048,0.08147003554752015,0.02973620997687685,0.7305029782279182,0.016928782292522947,0.04997569913124946,0.07671641191613925
239,0.3433901078846922,0.04360751570067071,0.06320675587882786,0.012383397967016613,0.06850290827754839,0.05764448536626776,0.41126482892497646
240,0.14829148400194547,0.05093761995791734,0.18544854475877615,0.013678483304550307,0.28833803493235916,0.041786984870100595,0.27151884817435096
241,0.0965909256450808,0.012272720853602759,0.40054722988170655,0.0030009268029447694,0.47849010329320985,0.004629358231769233,0.00446873529168619
242,0.004079325960513535,0.02905709347126171,0.0024451458390108197,0.9582851037211068,0.001082737458846642,0.004228740659339061,0.0008218528899214277
243,0.23736837036695044,0.043334019963344066,0.37610832011301465,0.020268720488994585,0.26997018313714194,0.011048206957983654,0.04190217897257063
244,0.28952433038351566,0.1432991731414007,0.06466428160423791,0.013321910422549106,0.2810686164721056,0.015231822048273015,0.19288986592791812
245,0.004826483629757119,0.006994918822875809,0.005001057250946402,0.021883325306547553,0.003650663591424471,0.9518344045723435,0.0058091468261053415
246,0.007401878944118255,0.06242446054231875,0.01101211090944213,0.046720470568744954,0.008489647383749266,0.8018284120155944,0.062123019636032305
247,0.03774913973661932,0.4084053234332361,0.04136612754387933,0.47054198660937213,0.006215400462301596,0.004301727646526959,0.031420294568064513
248,0.2485583116373054,0.09318451364556068,0.4035926322598102,0.017572028196535392,0.16337997841700175,0.025613226377033838,0.048099309466752595
249,0.007294896029488743,0.6817669498002155,0.0048110424545272975,0.26938574287440176,0.002711879595934399,0.008979133123538291,0.0250503561218943
250,0.01926636358795339,0.09879937265994039,0.01446496198429694,0.6165479500121671,0.015281029966720936,0.11720899099569378,0.11843133079322758
251,0.018275224931146528,0.14982522086555544,0.038492655629365095,0.7498334235469206,0.007141460093063774,0.01851489693696206,0.017917117996986476
252,0.12956175419602328,0.07238707916183394,0.06500533092589418,0.0072952621019409455,0.3013223071915977,0.1461514893491136,0.27827677707359644
253,0.07291996504832378,0.07562797628116802,0.5760466118866452,0.04270002310887071,0.05231217752647306,0.15352830538816348,0.026864940760355754
254,0.033700690853115,0.5591744414395509,0.017022535537249257,0.1221457331753012,0.019654625675904664,0.10583335045108595,0.14246862286779297
255,0.06096215118158753,0.05361334184610444,0.1686481066117014,0.02613116695931451,0.4298740206813435,0.10036040465335241,0.16041080806659608
256,0.1313497767642635,0.378093272601357,0.09767252779459218,0.018539087133843217,0.08700157074088606,0.06543989161808453,0.22190387334697365
257,0.17123215522380006,0.05141317940937982,0.15955080984543477,0.007183428061566744,0.18639902167094083,0.014824907300305236,0.40939649848857246
258,0.1379251483241534,0.27910838358778844,0.20571243971909944,0.09730574105240891,0.11519783947330058,0.10359705181410148,0.06115339602914774
259,0.151888805937565,0.14699054076110368,0.4219270223659342,0.0804608015033356,0.14449324757409382,0.020071028061046547,0.03416855379692114
260,0.10588633913839408,0.0096476024950037,0.07908489100564514,0.0022305535499792498,0.12255333508101027,0.0084030970350763,0.6721941816948912
261,0.12599938337541866,0.02832798269166599,0.22877729520570397,0.022377502562946076,0.2864699167030686,0.23055268960804884,0.07749522985314797
262,0.11976391524963732,0.03004354685270054,0.126661158361831,0.0919179344700595,0.11604771448233463,0.0892615682101775,0.42630416237325947
263,0.01916002534929489,0.2115357561035423,0.020226769745580464,0.3788728919942342,0.025875531059777253,0.1744371053935706,0.16989192035400025
264,0.1924336322642535,0.02445434580786878,0.2924204643312206,0.011887676671280378,0.20253551352925966,0.06638459731391538,0.20988377008220158
265,0.009446348627286414,0.24013328011582188,0.03528882392056178,0.6418378489169031,0.010811488169866882,0.03018221535834127,0.032299994891218625
266,0.28646935987416844,0.014427265155553254,0.05581725356874173,0.005881776169671344,0.10186045975190308,0.01943838002696257,0.5161055054529995
267,0.1754872985332452,0.057355633701902,0.04860099635234363,0.5237091974816626,0.0047444860963597795,0.18659619595212157,0.0035061918823652742
268,0.09923718349847438,0.11160024007854973,0.28071581937398676,0.3200255669568554,0.030274860662190352,0.06462329647225497,0.09352303295768839
269,0.04912817018862037,0.011496744731816777,0.41063550907128793,0.010427186898053735,0.40394794667940026,0.03216647761085312,0.0821979648199679
270,0.13363887421568346,0.05387141884020472,0.24232498178718098,0.027288346227719158,0.2141183831902648,0.1056303268629599,0.2231276688759868
271,0.3031234921186747,0.031865923819463814,0.33738308242417836,0.007906457590118135,0.30629599341025987,0.0025866979773537823,0.010838352659951242
272,0.23462851143830202,0.03204129977486966,0.15471639891717465,0.028951983556276824,0.15347521763912594,0.040549049089760925,0.3556375395844899
273,0.03416173947373099,0.13296647774342213,0.024604542748528094,0.7290959364876325,0.02607574200002255,0.03991292582091076,0.013182635725752923
274,0.0050830395505916705,0.10577854180191278,0.003216945294848626,0.8782872290250827,0.000734516101316969,0.0033477547719415724,0.0035519734543058372
275,0.005625754743427956,0.174621065236656,0.00895981945722955,0.7879091827006177,0.0011367831323289912,0.005707353461257435,0.01604004126848218
