id,target_0,target_1,target_2,target_3,target_4,target_5,target_6
0,0.07925930334326295,0.0469133739183439,0.30974461291068034,0.021308619011113868,0.34336276621515865,0.08600229331151439,0.11340903128992581
1,0.0186040456153617,0.035316155724197204,0.005260491083616126,0.0038432783161844787,0.0073164940528179625,0.9120718791128603,0.017587656094962285
2,0.03131893907704415,0.03832500870074275,0.03392831024790296,0.010631017901599527,0.023281908511156045,0.8330849651528929,0.029429850408661508
3,0.37638829785561995,0.11592375521649508,0.05085918965601133,0.0321002242268981,0.1633901116309652,0.018334527946564563,0.24300389346744575
4,0.013523482738849093,0.38576548172237646,0.017002464423082862,0.5433122583037269,0.0031828267083741564,0.01716341473436824,0.020050071369222495
5,0.05094588133173137,0.43675901971808084,0.2752067156387356,0.087342124343875,0.07452297101050354,0.013848212832785436,0.06137507512428825
6,0.09989711287475371,0.30938248877296826,0.012058791889354083,0.5534452968691028,0.006287677423746539,0.005264272339336039,0.013664359830738628
7,0.0042576534208353155,0.010611019011710132,0.0075532279192410175,0.009222839951191978,0.009933974310099875,0.9547059609873468,0.0037153243995748366
8,0.10700579271732072,0.13757029436735274,0.1851235530209252,0.09701877851477145,0.38483515763442877,0.056976831486359195,0.03146959225884184
9,0.037953706572898316,0.5027736591012207,0.2625600128894193,0.05873361765012575,0.07916681644334697,0.03394145302739486,0.02487073431559402
10,0.36362085654904674,0.039803443288566845,0.3133832953754168,0.0201897657550733,0.20803501012443712,0.014271485728683262,0.04069614317877591
11,0.3387225105372146,0.04801290300948034,0.15158592745041782,0.010490138816231556,0.2715898396344068,0.01774390109835814,0.16185477945389073
12,0.09906922611280466,0.04554600944668575,0.15858982980015227,0.01385102826046499,0.31977265187238046,0.22001080337534198,0.14316045113216985
13,0.24330200013247832,0.08754534957046904,0.40265884441252203,0.1039237731707833,0.125264986592591,0.012099590231509565,0.025205455889646632
14,0.3162217060033995,0.0367158963138419,0.2584847615344593,0.012704519169557121,0.16837796662164672,0.08446389337769292,0.12303125697940251
15,0.039026484092590984,0.30833950078005334,0.05184744927061745,0.5193910292363766,0.039792998893094955,0.0072147290012461035,0.034387808726020604
16,0.009696758310434211,0.19318313926317082,0.03066366585482889,0.42669812714920036,0.013833805604693203,0.29767312998848294,0.028251373829189685
17,0.2654422152273571,0.04163354568045729,0.2565413003466192,0.029835762520484206,0.18025425376242915,0.09614017769695078,0.13015274476570235
18,0.017074324683804726,0.1876671317272483,0.10279112896332018,0.02547185417482581,0.05699384787799542,0.5882202703353185,0.02178144223748696
19,0.06928723669668285,0.09469010041996229,0.20060127664385932,0.33833044597808276,0.015375455312370612,0.26073219800858727,0.02098328694045483
20,0.037609115544331745,0.09265586938911063,0.11141922698677517,0.6770750475153398,0.04791140250906405,0.009577817524214384,0.023751520531164458
21,0.39565464029449116,0.01115203704758545,0.19915136022959462,0.007597852480756767,0.3542296877922687,0.003013374476683805,0.02920104767861948
22,0.038986310653707085,0.06450457119764264,0.12378612270452208,0.4363529882083082,0.018958411538335468,0.2907117838192774,0.026699811878207073
23,0.24688703168868376,0.007350549154730319,0.12947979254017952,0.002145645064336882,0.5077408169829797,0.003902423848814558,0.10249374072027535
24,0.006373519812947165,0.315159498226747,0.012086460294614455,0.657114993198513,0.0017311138907085064,0.0058983360340412305,0.0016360785424286352
25,0.3880422327324954,0.10313617862631744,0.1856102714849313,0.05785557960335706,0.04328753891735819,0.13752162471272542,0.08454657392281517
26,0.2559409506916025,0.13275638699783085,0.02947792143122168,0.08170032371060998,0.051006418978895386,0.3956963742010158,0.05342162398882379
27,0.0294233065645729,0.014898902335364311,0.010264005554981675,0.006717991197258577,0.00817261216989818,0.924217424172679,0.006305758005245405
28,0.23495465268017224,0.08673366140139194,0.13840049157727136,0.052788644233138324,0.39742995870173836,0.0238465252119654,0.06584606619432233
29,0.1248177650934078,0.07308739657112301,0.14603067915089823,0.042699460435535214,0.13543583604720033,0.21542551648897518,0.26250334621286026
30,0.04161663684142283,0.33190369369534084,0.11894729569514768,0.37446640119699265,0.027479462276634024,0.009562378282516309,0.09602413201194573
31,0.20714385146403527,0.05712776653115208,0.18128115054798974,0.03900452803037808,0.1459959395145048,0.20100078673145577,0.1684459771804843
32,0.09674792546793953,0.042760887770224076,0.3900360134189936,0.02821874215512286,0.24179418218525583,0.0642403610517834,0.13620188795068083
33,0.3163512836983121,0.12644880916454324,0.21898748037235002,0.061859951577714255,0.22731017359901662,0.011065376185156923,0.037976925402906814
34,0.12907651685730842,0.1167843947646191,0.1404340177262123,0.3956312178998074,0.051050678096094426,0.06674293774987147,0.10028023690608696
35,0.12237836049305065,0.019362739351642615,0.27096864072889343,0.015131277422975275,0.3980412952230699,0.007255539528245024,0.1668621472521231
36,0.18621901089637727,0.040564260310554476,0.25208911013323354,0.028768431364909614,0.24296190405835327,0.1381711893934582,0.11122609384311363
37,0.0424960868804505,0.5022427238931708,0.26259183756599047,0.05087002552208142,0.03937564711511121,0.041828747082541876,0.060594931940653615
38,0.11467225670223806,0.032573256467509394,0.4391162706775985,0.017207833100401675,0.36831372325509537,0.003988190160761715,0.024128469636395283
39,0.11312252041686743,0.017459463122795234,0.4625014534590498,0.011852720163650993,0.2490515533107031,0.005311049621519943,0.1407012399054134
40,0.11554080293667965,0.040019437113195847,0.3463344343807633,0.10213124962109513,0.25997539416803106,0.10220431637514327,0.03379436540509188
41,0.06859842813954305,0.07142131755554358,0.08450432110961491,0.021095067157274074,0.24090073485685015,0.237071266180296,0.27640886500087825
42,0.02716322867315301,0.5535512140355661,0.029486084263851263,0.2695255762142864,0.006416282555070105,0.018385217201639374,0.0954723970564337
43,0.12881177124075374,0.05378397768259717,0.30498204162289455,0.04198591137864194,0.33404354974481876,0.06699163621952557,0.06940111211076834
44,0.10641145408375759,0.04620564727325247,0.47714585051343733,0.23999079214110428,0.08505529890320584,0.02655430882766715,0.018636648257575324
45,0.21937413875659456,0.01689986010853836,0.3415615599662767,0.014045655068240048,0.16827897023853586,0.14209508530070397,0.09774473056111051
46,0.010363365503546712,0.09019169941378902,0.01576768858379457,0.050049390392555085,0.023306475284452143,0.7587744488596921,0.05154693196217035
47,0.017679597376923626,0.08550687490996245,0.0062133783120244795,0.8785513712186607,0.002616929952267219,0.005744525109441528,0.003687323120719984
48,0.004903004093847816,0.08404884866614414,0.005961611745249675,0.8874745451562877,0.0010012736727347793,0.005750358288438769,0.010860358377297197
49,0.003153985507239694,0.008162610662510412,0.0073144951959974724,0.003893517966650409,0.0052352801461187605,0.9668223682636707,0.00541774225781248
50,0.34350247806590223,0.01649182538143128,0.25097577620509626,0.010276981001152482,0.18911209516036498,0.13193104362594701,0.05770980056010584
51,0.3445905261020832,0.01057906826779655,0.265463401142121,0.013307994670613171,0.2921286355969133,0.020668526270024773,0.05326184795044796
52,0.38068229735034853,0.07902112765745709,0.04762815637790837,0.021944569671648533,0.09652440522489261,0.28897571916666365,0.08522372455108126
53,0.11681719707757701,0.07322795309763858,0.17772262342320078,0.01942741368127879,0.11328176139822883,0.010913485628032593,0.48860956569404346
54,0.18214743565402497,0.02534544429872896,0.26443535946451757,0.019323089732972566,0.16405337692404878,0.039910798627146346,0.30478449529856083
55,0.08804523986439168,0.0383366392529256,0.1933907280302594,0.07104334059094045,0.07865178519178809,0.09827388775593955,0.43225837931375527
56,0.19163200415305753,0.21405292501941026,0.2184123181726318,0.029299883834181716,0.28328638851794896,0.02733147086218953,0.03598500944058011
57,0.13360514026165216,0.028796010324141856,0.08208055210498008,0.004238165610258122,0.09279043668423659,0.03262928732708157,0.6258604076876496
58,0.12627803498731371,0.02650189717973559,0.35284058175489325,0.04207581445327356,0.3470603771436435,0.00924555566449475,0.09599773881664556
59,0.3562255591176319,0.13125493084642711,0.09255957500655795,0.05728567025835533,0.19570600281690204,0.014318635572068385,0.15264962638205742
60,0.08202348226584179,0.10486159582153132,0.18473085376929976,0.056289552263069996,0.14482639485790771,0.060779607926844004,0.3664885130955054
61,0.20067439187282038,0.10734911685730746,0.1581123994806175,0.011560278832395573,0.12987377941491546,0.2663959831332152,0.12603405040872842
62,0.06425964824653861,0.18701784367161173,0.39977855377801086,0.16882836014122016,0.03799667651504618,0.04460006951001534,0.09751884813755711
63,0.19355792773966662,0.020756821753820664,0.18040060339496947,0.01756966315310741,0.08733030719750415,0.019923053853895017,0.48046162290703676
64,0.10403511757235957,0.005009667742574787,0.08505600614796331,0.005158267268359486,0.09176693913145817,0.02925461708074057,0.6797193850565442
65,0.11994543408270238,0.009076538070682769,0.3092254976782355,0.002257012178327736,0.5451316912270487,0.0073289985535435805,0.007034828209459415
66,0.11783108290821047,0.01922757710123358,0.2697258388913061,0.015607539313035759,0.23025879441215702,0.023550378540831977,0.3237987888332252
67,0.13273736311945478,0.054282289909727,0.09975339441249381,0.19325624156443624,0.09609178987087053,0.2132032352488157,0.21067568587420196
68,0.22275491244691387,0.01826944339352134,0.04682523002930348,0.012647265188683315,0.1126785980974893,0.042534395687631885,0.5442901551564568
69,0.016095303656011372,0.8185223007175123,0.05421784969551604,0.0424709810605662,0.008213415072870264,0.019087905079078364,0.0413922447184452
70,0.12466877317505962,0.06424177534748157,0.22392387517900758,0.058811162951473664,0.25234189738175083,0.026888252443444678,0.24912426352178216
71,0.15602083678820927,0.0896707012497485,0.2758982613002622,0.05569619420420857,0.25573545120038654,0.02510614897171364,0.14187240628547118
72,0.009637990270962338,0.7332608399880206,0.0220262008557536,0.20099426682061,0.003123702118955799,0.0227435342133068,0.00821346573239095
73,0.08499004566614886,0.05503536237538366,0.15749015795049287,0.054054103758750305,0.2365654059358122,0.32555783521708714,0.08630708909632502
74,0.012160083883204281,0.4357074264642048,0.015165940808375408,0.4272249072912267,0.006710181954551789,0.038598812705197084,0.06443264689323999
75,0.16857289895414845,0.06169088237358289,0.13996123450977138,0.011660159593284772,0.14925523721340525,0.12956379990361616,0.339295787452191
76,0.15391760842527175,0.12668548843679128,0.16152496548128337,0.013605393041566235,0.29978005473924163,0.04346906249329435,0.20101742738255143
77,0.14866724411190546,0.04759228485546186,0.23428785052653386,0.03356243581595452,0.1532404444639225,0.09466933044150601,0.28798040978471584
78,0.2572644987745135,0.012254099148096049,0.08470760545061501,0.004943172232217788,0.4139930818341074,0.0066377671925985605,0.22019977536785174
79,0.007212794160442902,0.13935868415848532,0.010598776354982891,0.8239200376901831,0.0020018187823115656,0.007331518300001272,0.009576370553592953
80,0.20040988413612038,0.031322862582284436,0.17165180274348651,0.016772907090482014,0.2260759293517236,0.12627609283195107,0.22749052126395197
81,0.16664318962991814,0.08854921976406681,0.19420392669573433,0.08404438457484675,0.3766556933230905,0.012847055900404821,0.07705653011193869
82,0.24181917650118026,0.009910012751987314,0.07459113569866208,0.004251238989865449,0.3746077055036105,0.04128151083508992,0.2535392197196044
83,0.05748130432102897,0.3138748614182604,0.11712445155729603,0.4041463039704637,0.010458600924777604,0.08318413791761844,0.013730339890554982
84,0.33480433844747537,0.02122796314018728,0.35855964171089666,0.005035911819907443,0.23834503656509048,0.011733132048712434,0.0302939762677303
85,0.24108691716963532,0.1188392136015779,0.26846871809052913,0.158942883345153,0.08857892763837166,0.013479482662765196,0.11060385749196777
86,0.025805601053009858,0.1051043813308186,0.02830750985345385,0.7980609252163413,0.007202231991157155,0.031155885861566413,0.0043634646936527716
87,0.11980056261011458,0.0728155807746346,0.04072576838566805,0.1719971869797176,0.024483201469068377,0.48365299407008167,0.08652470571071516
88,0.1509285278142281,0.03243826507287263,0.053767215352580076,0.007103002417496146,0.2918225460709612,0.12698887836249254,0.33695156490936934
89,0.037354690719909135,0.033001540897564775,0.15444991735566121,0.00867514075652789,0.10728113808520975,0.5845083762509596,0.07472919593416762
90,0.3317538259192673,0.015911487848473318,0.11301994145987844,0.005567447557411604,0.222998912074892,0.015166087777623249,0.2955822973624541
91,0.34943478082141477,0.007029935155441381,0.303886245121152,0.0024337595628686594,0.11960150777513948,0.01661383007482989,0.20099994148915382
92,0.09485737389399826,0.3987407790808672,0.09613200271114723,0.05168096668589468,0.15535188989411533,0.04824768661066231,0.15498930112331494
93,0.1608586878022562,0.2203323487338677,0.05193426197552725,0.06276993009635339,0.0438864141739189,0.3792628903426647,0.08095546687541195
94,0.017378256020420004,0.50185734161439,0.027536153189260677,0.43707782519983623,0.004566369213202537,0.00530642693105479,0.006277627831835715
95,0.07066186958518153,0.2578384747261008,0.1122868116687022,0.03669111004769732,0.16860284310959806,0.2204333755295574,0.1334855153331626
96,0.0035605932868940523,0.030491331513315973,0.0030113296843466393,0.9561173713242873,0.0006120823729268904,0.004713755912209324,0.0014935359060198915
97,0.30622456975579115,0.07047722222017772,0.28742592818232743,0.13794389623241304,0.13255114670650095,0.01982272435324236,0.04555451254954727
98,0.33929523474480844,0.0560360176293732,0.10829757083463994,0.009456535579714513,0.12076263930606027,0.23512186979291064,0.1310301321124931
99,0.3072789091134997,0.01703856301208494,0.07420090646216762,0.13987349291118015,0.13740532731055116,0.0580038288628016,0.26619897232771483
100,0.17512621346788498,0.014769580072555175,0.1659321357437252,0.004893878378957018,0.15395227738593414,0.008432219186243406,0.4768936957647
101,0.4560261693184066,0.006689718458181161,0.16230546281352703,0.004295174064020681,0.24102115910291752,0.05365602680852636,0.07600628943442067
102,0.23590289320018298,0.015091944925147167,0.21241611570999314,0.002249707749540287,0.4926451427819162,0.0026635353066652807,0.03903066032655513
103,0.006637407017565834,0.009740812777847743,0.016827004036869833,0.0037172379494821834,0.041001645000242504,0.917893866403168,0.0041820268148239454
104,0.27870425124765275,0.061809265716630576,0.14114278319873533,0.04976707850993758,0.2703931796159716,0.0386974163447239,0.15948602536634834
105,0.06422256647204999,0.20741443821782632,0.0654134232133183,0.4094465793115349,0.09720999404895911,0.08698835095820034,0.06930464777811093
106,0.1686777067912119,0.01695873730637016,0.23238223878940317,0.009172522162824642,0.5233508013381591,0.006733780133032566,0.04272421347899831
107,0.0870726446867535,0.14463790494494397,0.15327094947123826,0.1427295940549443,0.06644389017333273,0.09585524199670328,0.3099897746720839
108,0.01117346059838496,0.23182681986992454,0.048699782335459706,0.5842220288317294,0.058862346549673705,0.05196586303104751,0.013249698783780378
109,0.2169657135432908,0.10172424946323282,0.16522569153495323,0.008812012940436601,0.2939622337042519,0.020393279349569037,0.19291681946426562
110,0.2164772244721871,0.05112385404468054,0.21874996720181533,0.027190980157163702,0.2643307979947177,0.12922896535956824,0.09289821076986739
111,0.1353046768289228,0.21197807611893021,0.16564443600730858,0.05412820956394214,0.14682538414870921,0.17707780662709083,0.10904141070509618
112,0.16228546151570855,0.030790031867464717,0.2154651832697728,0.01175236777527795,0.481139513559231,0.058244712978107606,0.04032272903443738
113,0.17492666498049414,0.16001640326336314,0.1051212312955399,0.3040169137960848,0.034438875771048996,0.05513980400408316,0.16634010688938586
114,0.37377903655049866,0.020619071960339234,0.07947892070576637,0.06502208722962496,0.20666601389781283,0.04232304272066649,0.21211182693529143
115,0.05838527369010914,0.406648113084071,0.0883666679651804,0.4143765822543536,0.011564634108245805,0.01271292408919344,0.007945804808846355
116,0.027292098735459236,0.06411943637545994,0.0648591935491755,0.22806723271137325,0.047673862350997846,0.49816349220260925,0.06982468407492498
117,0.025131682770170895,0.32228469096416335,0.06665631910114175,0.4905501335567596,0.007060055031870595,0.08061144699511488,0.007705671580778876
118,0.1414383919667887,0.058596715096251216,0.03877670391572009,0.010856149438047497,0.05515364589240105,0.6241256169227748,0.0710527767680167
119,0.10666999134530866,0.009564316659024838,0.16737432992175533,0.01054128219735272,0.18697918190647164,0.02349475798236406,0.49537613998772273
120,0.2637169583214768,0.01742228988198913,0.2588706080968092,0.011600282471936655,0.3995765269398103,0.019719344449285102,0.029093989838692824
121,0.04688480225155085,0.1363483619902668,0.08962356471461815,0.1430704453433383,0.20903362311688167,0.08343886425000217,0.29160033833334215
122,0.022336934159414658,0.19341620043357524,0.05089878132273692,0.22222456479880243,0.013650872156154603,0.47886740526517163,0.018605241864144573
123,0.0887269614180338,0.030039452356843837,0.12699335447269208,0.019537942540210622,0.1536452162872183,0.15269136971527908,0.4283657032097222
124,0.18738985954174767,0.10939889246708476,0.12938066929051661,0.027802243067889698,0.16751236204233794,0.06632717864439497,0.31218879494602836
125,0.0717624744079906,0.17681789762771555,0.1142393145867325,0.420521681423781,0.03868315792833168,0.06039564034983193,0.11757983367561683
126,0.2511009917397787,0.027114183449387153,0.27853327920323645,0.053881779195351864,0.19748979619153398,0.08757489510118911,0.10430507511952283
127,0.20475843023399004,0.025680484977283053,0.37665845611638754,0.005751685929353919,0.3014717233800746,0.006533140686455496,0.07914607867645526
128,0.1441964538420893,0.034057580794842356,0.06835452298645735,0.03451865690700818,0.041149457480912165,0.6359234489442935,0.04179987904439708
129,0.18738352399536956,0.06964435873605515,0.09270477647886745,0.03619673428474634,0.09868529502355104,0.2318273390886214,0.283557972392789
130,0.012005006819551755,0.8573962579980808,0.02313545184560808,0.08316814511571541,0.0052766247800080344,0.00901800964149603,0.01000050379953967
131,0.1696388922656326,0.022077003216118923,0.2567113567612995,0.020481225957777793,0.4841284434559978,0.005016541369631921,0.04194653697354143
132,0.015582344379131623,0.05317605019405832,0.011691726742465373,0.9066966040659681,0.0020917096279639896,0.008687250398817046,0.002074314591595525
133,0.15578325675766447,0.0701904242722412,0.20701419975800678,0.022734600053052695,0.30335695487398173,0.09505448940538898,0.1458660748796641
134,0.1489572677915681,0.04249386707721156,0.4225662681654018,0.010870353966295853,0.2921878229109183,0.020784079166107333,0.062140340922497074
135,0.019946460612124118,0.5390226535603674,0.015943505095108102,0.38474358075359133,0.0032022078560343613,0.03138073737530512,0.005760854747469609
136,0.1149697452488954,0.08709254721535457,0.28455814158401765,0.1297847960524174,0.24260124911532427,0.033108577746231195,0.10788494303775953
137,0.2572989591262177,0.057552512736381865,0.26493713262656843,0.01078628009402802,0.20096052807358805,0.01852016960380203,0.189944417739414
138,0.27029928435029815,0.012414975281064278,0.0832800013417737,0.00377219839327468,0.3818305373377204,0.011474867496320882,0.2369281357995479
139,0.05014668240949875,0.2804078814422128,0.029168960171086243,0.11294060309133887,0.025879930989269044,0.30550617154282317,0.19594977035377117
140,0.07320840501570922,0.08532711580641632,0.21694298525549122,0.022852280126731364,0.14171213888335438,0.030604892198296495,0.429352182714001
141,0.1090484070748986,0.2956018467641739,0.23727967278340661,0.057098818964892925,0.16796931447622465,0.064040465641343,0.0689614742950603
142,0.12038040679425084,0.05311019353166594,0.22427264884338402,0.02911735923212212,0.40012599766825263,0.08208882597926201,0.09090456795106239
143,0.02672860851155045,0.3150702600074795,0.07044044645220893,0.5684447783732587,0.005020945120769042,0.005672302557799529,0.008622658976933813
144,0.23006464396241116,0.025913728740656915,0.052099655046724334,0.010579950465495647,0.09204351710266065,0.0662892948833004,0.5230092097987509
145,0.05516645944536429,0.028732347605628854,0.06292608504127525,0.010863329438391637,0.06981137346061374,0.3376378907040354,0.4348625143046908
146,0.004813236895134586,0.01711507517264605,0.005847071458581194,0.030351862642029076,0.0035385176459626815,0.9365997856417614,0.0017344505438848102
147,0.01511495799396766,0.7094133261668231,0.012279341770637584,0.1469283296496763,0.002836175781418951,0.004851902583394846,0.10857596605408164
148,0.04106235142173604,0.31796448788128256,0.047187314314385845,0.3345543863747172,0.0619619209607841,0.12150784030710912,0.07576169873998509
149,0.22564901484644775,0.07919286747083228,0.19216508437309282,0.09976464349110836,0.17886720432741696,0.10567038393555676,0.1186908015555451
150,0.007399882951958199,0.6806199331503511,0.024483166579271343,0.21957349084857253,0.007567522055496878,0.0421264954606422,0.018229508953707844
151,0.20619170681251392,0.036038234495791556,0.3505360794349953,0.039312822238324455,0.1938044607469635,0.10584748984477173,0.0682692064266395
152,0.013312715983042057,0.07723787274032148,0.021971739426649838,0.01526518162972837,0.010563838871706234,0.8572467470751338,0.004401904273418217
153,0.007184325362831164,0.48640847638081286,0.0086577545300569,0.4829119359386521,0.00181831185424306,0.008366410035548475,0.004652785897855353
154,0.13776854139768352,0.22138125558145746,0.10270301277191773,0.3314499678860847,0.026717504370852123,0.048193349489275325,0.1317863685027291
155,0.18345077588371042,0.13657141971342307,0.21454442103363727,0.013458006276555749,0.11389442633325975,0.24232134885211343,0.0957596019073004
156,0.14697737829093935,0.08696265674179737,0.4239692828804416,0.028146403797957263,0.24633338402447666,0.03710479107309671,0.030506103191291007
157,0.3513915398267709,0.08266239012449392,0.18766921706140524,0.021131177086251667,0.2367112519729627,0.02327491055201774,0.09715951337609782
158,0.0071482210722938104,0.16172930856812046,0.007906053391660008,0.7542686264247547,0.0024116224505891966,0.019714638870946564,0.04682152922163525
159,0.0028771702183672883,0.023740445585005432,0.010542897125594466,0.052501606976400085,0.0036260224730649084,0.9030358877795102,0.0036759698420576166
160,0.017540188821682585,0.22510547201003167,0.04799005373796718,0.029795386152503222,0.03245266585462776,0.2751220537220396,0.371994179701148
161,0.07494584879439699,0.07854889164792327,0.5137244253665829,0.05352139304235583,0.1589210010330016,0.05230258489479981,0.06803585522093965
162,0.20546881400671752,0.03765168865937844,0.1924722775614144,0.031350196311167026,0.30823009502965854,0.11383242184661532,0.1109945065850487
163,0.0172190723385388,0.09618490584586341,0.02153955507999131,0.8340995335232394,0.0032510256993498027,0.007789063727739677,0.01991684378527769
164,0.10032074041310926,0.2246370355651782,0.15600404805819523,0.09209945901553866,0.19105030561931285,0.07648962813155089,0.15939878319711492
165,0.4489073755005271,0.006843256556856353,0.25851323864585873,0.003786576089794115,0.19292205530575604,0.051627000056062765,0.037400497845144855
166,0.1457267612702599,0.06747861808131356,0.11328358373356232,0.356222955113954,0.03512441352900748,0.1732162842213128,0.10894738405058997
167,0.6690789512538158,0.02206449096380669,0.08261630165048586,0.011342587591597838,0.12074498125983893,0.008500166624175774,0.08565252065627911
168,0.11820985776302739,0.00502736813561545,0.03996166486257305,0.002261977044170457,0.05559271350960314,0.012193329657136523,0.7667530890278739
169,0.28141597033741667,0.11538193930899476,0.132749614289346,0.022383919504364656,0.17571748427998696,0.12573242431825743,0.14661864796163343
170,0.10466531320316678,0.01979192758003024,0.15097778945209855,0.005010361252955854,0.08170648752764417,0.008607819479144858,0.6292403015049596
171,0.1994069883027694,0.09493023715306785,0.48036526674686486,0.08664099713992658,0.07912402206131106,0.01724255711635676,0.042289931479703405
172,0.43213329101561904,0.010122050692824036,0.1640682563529313,0.0035322961098756033,0.20621561265466087,0.02537205889396449,0.15855643428012461
173,0.1578928487746099,0.20525782214316401,0.22894322693337896,0.027425882320669455,0.12184116046555882,0.029274629660763808,0.2293644297018551
174,0.2091993339358944,0.06734139036925371,0.08898484056284156,0.04291969971733493,0.11834679443722873,0.17646702921281515,0.2967409117646315
175,0.2342232895629001,0.010628048350262858,0.21811121699312203,0.004884246592651817,0.32559724945467095,0.024442981647559876,0.18211296739883237
176,0.03654292455081015,0.07709930394614191,0.6126135290295334,0.158522591340767,0.07391537420304325,0.018855109263569557,0.022451167666134843
177,0.12920292965857377,0.10227514865649215,0.2935153591851982,0.037987252833112696,0.3789090155138607,0.011939803730053619,0.04617049042270893
178,0.008600836983542423,0.2607322199059194,0.014945298427704996,0.5384016950819721,0.005668301140221172,0.15657161753253002,0.015080030928109913
179,0.19416821628696815,0.05772831537375063,0.3311623991866762,0.07094815643657268,0.18426138275665666,0.018197861648504936,0.1435336683108708
180,0.016830950798755517,0.07492290274739358,0.026459678895982407,0.05027972227854786,0.01676850887705768,0.7975026297503022,0.017235606651960857
181,0.02950896702248735,0.12334484381765695,0.10366200850691258,0.46255786892960016,0.01837086537057513,0.038541583672945676,0.2240138626798221
182,0.11146272074105186,0.005198301334795484,0.04528332688730774,0.005860018531890671,0.16600473370636565,0.023698558880369015,0.6424923399182195
183,0.08582680966342336,0.12372669447794518,0.45156315715132955,0.10474612748874232,0.16523543461334161,0.027031552815012416,0.04187022379020557
184,0.14574403086112797,0.3202705137828836,0.042356479226517474,0.4141173097324641,0.008821934919658023,0.05529012797409969,0.013399603503249147
185,0.2476945779499992,0.00711661483824612,0.23450491459605144,0.003989569626287878,0.3858647642254402,0.0055967336683949605,0.11523282509558026
186,0.1245602430728395,0.146981316185797,0.13191862572771887,0.0481591063003185,0.1208127552054804,0.09883609229690975,0.32873186121093606
187,0.019240051668182115,0.028407079671129244,0.12103853742120793,0.0883400580931248,0.061020487797495415,0.6205457801398797,0.061408005208980855
188,0.04450797011513328,0.2850429084752947,0.07998392505335103,0.5477016430216547,0.012103919166441558,0.013639513279437682,0.017020120888687085
189,0.05512508754378287,0.06686299313874697,0.1010190430846047,0.021389338994133,0.14073173499941866,0.4657463474477114,0.14912545479160247
190,0.008568784084245312,0.10185831370759904,0.004921658110338024,0.8434917601521728,0.002388129739368613,0.03682944483724316,0.0019419093690332006
191,0.012498383224506592,0.09098281121501796,0.02476625537388768,0.7906194099529905,0.004019357359206032,0.031917764492257264,0.04519601838213392
192,0.3853846422809191,0.04198568640011018,0.23267127799556725,0.04082492090472606,0.08244191069842999,0.17485312052836138,0.04183844119188608
193,0.03426317845106033,0.3074180702726518,0.07433201346254575,0.11625986857098229,0.040636823577102556,0.34202268964428933,0.08506735602136802
194,0.14432740101280572,0.09133739045243525,0.10783900549847289,0.025439930018361274,0.4445736035581159,0.09557942014252106,0.09090324931728788
195,0.27692872629609366,0.01746562007246282,0.3481868207033516,0.004780863106677751,0.3190172749126036,0.013048392227599981,0.02057230268121052
196,0.01199966071855257,0.06727272122976904,0.006395712608991987,0.8873638498430134,0.0015885078660864312,0.012612264394227113,0.012767283339359314
197,0.11949166632723363,0.20634914656251552,0.23150683895034646,0.1061907464222854,0.2992640919593508,0.011723597575758514,0.025473912202509663
198,0.3077266783523293,0.03420925621515404,0.23427542717609437,0.023805672672753048,0.3623621355702883,0.0035913925335447224,0.03402943747983619
199,0.553235619606105,0.03633810951863746,0.07847536955086351,0.11286968538650984,0.04836643493117567,0.02138880558065183,0.1493259754260566
200,0.031357114369452266,0.5047172506750689,0.060737238460819985,0.36336215412159,0.006247443798833993,0.010844769642214239,0.022734028932020638
201,0.23456205394794233,0.009612595854356785,0.13880189053767264,0.003113316769350314,0.07388414515761746,0.029058401577018188,0.5109675961560424
202,0.13696180647710837,0.15682477554101623,0.2521449877700134,0.21551368112265745,0.08254606152858265,0.06543699152519308,0.090571696035429
203,0.019641869358270735,0.06364563401596968,0.04022227535612286,0.2623456968881606,0.020567125489084244,0.4850575998606551,0.10851979903173661
204,0.059359711869840015,0.09543242768457942,0.44645732285744755,0.04413060323491698,0.07678002695225382,0.15694370017285353,0.12089620722810876
205,0.04727132390349922,0.5692196757274489,0.045144329348006364,0.2681281144391753,0.00965241451598214,0.011112679238657993,0.04947146282723015
206,0.02323586630817692,0.17421080003731565,0.03719987429488756,0.715819412975452,0.006686715944218377,0.02232817567415607,0.020519154765793385
207,0.15997841994632772,0.11814528615789979,0.21467323683111475,0.02629671286303404,0.23824296161454037,0.12837306606743565,0.11429031651964769
208,0.3993552633604261,0.025748134938166894,0.2511615887800538,0.03023279052988303,0.08943334617721466,0.06820758653672376,0.13586128967753172
209,0.3281568385915795,0.011262780413956749,0.34222144630078966,0.0027151903415967705,0.26414099847741773,0.009277372593871947,0.042225373280787716
210,0.12272323667158902,0.09800048621897153,0.09643017463748742,0.5365842116350042,0.03138362923400785,0.09413591442579668,0.020742347177143287
211,0.15004963054086998,0.12628811254478087,0.2037923240274786,0.04992257420051229,0.27396285189286484,0.09055368692257934,0.10543081987091407
212,0.07101854834997048,0.01711648586620778,0.47406772768717226,0.22175520463139228,0.17391829454013757,0.01999229081726115,0.022131448107858446
213,0.06393870423335192,0.005873537705579994,0.17813423177514415,0.002020936849731917,0.07235378107669418,0.006202932187351238,0.6714758761721467
214,0.11861354230599205,0.24216512913735783,0.09368975673446543,0.37539064042093206,0.05815236377577308,0.07756496339531668,0.03442360423016283
215,0.10490727180016104,0.10247332556684441,0.5936247951592922,0.057611837465261564,0.03946630851067847,0.06568790467770394,0.03622855682005839
216,0.1133089674347548,0.021192938964581853,0.2754989478573564,0.011736581279036604,0.4257300011561894,0.05201919787550212,0.10051336543257867
217,0.009719976043238581,0.06344968739470737,0.008721928188810282,0.7733480346538414,0.002781569659317074,0.13131135520982515,0.010667448850260218
218,0.010371076160946933,0.016171534459204284,0.031174248161022565,0.08512411854528737,0.007109285307327617,0.8183316706669217,0.03171806669928953
219,0.039371138125318735,0.04691981835306734,0.05397171859356422,0.28545050482226364,0.0076009982667071315,0.5593141774088254,0.007371644430253515
220,0.23915155966218596,0.13907103290377315,0.1481385926800962,0.029800501212461805,0.08971220137615186,0.30456946488215236,0.049556647283178566
221,0.015597043104427066,0.012439479388972325,0.16052745830289114,0.0736634914985753,0.013682246123267,0.7202501143126951,0.0038401672691720304
222,0.06289613457960339,0.14570504504279694,0.10104638062735535,0.11709461048650512,0.1454909861860877,0.2824863471132899,0.14528049596436157
223,0.45419411823922634,0.013020480850295021,0.23716823545446944,0.0054262665121388946,0.2588860708508815,0.00388567747402034,0.027419150618968557
224,0.1394925332976471,0.12074702964678843,0.25504807210358954,0.350810701397667,0.024909298375864745,0.02856082172897346,0.08043154344946965
225,0.0013859899776429972,0.0069306743431366115,0.00130836400861022,0.006824116851182119,0.0019183841060760446,0.9783095660791655,0.003322904634186353
226,0.3862968227068787,0.03512321647252421,0.18460893379761298,0.015812744430834115,0.14390997770333042,0.05632148293524893,0.1779268219535706
227,0.059067670721158795,0.40759385347072297,0.11133722641228341,0.17474317964222139,0.053391289909191564,0.02946772609873885,0.16439905374568312
228,0.14269373439316935,0.08129762247837313,0.35615141567220954,0.040414064859547,0.21890912055928954,0.017720283429950863,0.14281375860746057
229,0.7714780730866836,0.05387570535900858,0.05349450223295728,0.041819720196304803,0.02265735890923464,0.02868151730654988,0.027993122909261148
230,0.014191598970375207,0.18460032672414822,0.029695482088769015,0.614521141111324,0.015361012916496056,0.09334635268226757,0.04828408550661991
231,0.03690032161403814,0.0501139222106183,0.05513246908965315,0.020410908818014984,0.05649199579905417,0.7298677943208475,0.05108258814777389
232,0.018760576251785472,0.4594018457765695,0.031249902356874658,0.40230889686886756,0.02163941553221126,0.01709836096845082,0.049541002245240814
233,0.14540284369365977,0.009478985997572898,0.3439186684614888,0.006057754561109495,0.424531296907114,0.00966245950294296,0.0609479908761121
234,0.27234523961535684,0.06296298700333285,0.09256279435382737,0.01988646262845625,0.145722961991565,0.13480145021688497,0.27171810419057685
235,0.17150360108174081,0.013225286762070465,0.1803807916138187,0.004727921666758995,0.2275844911955404,0.022940471841117648,0.379637435838953
236,0.04819139737974417,0.5098621180748902,0.06177105924490959,0.21988928915052747,0.022412063802811685,0.08344696807924776,0.05442710426786905
237,0.04000096263124262,0.03924999656185143,0.216552527703728,0.07925448552438352,0.15169352636758404,0.05648442764677891,0.41676407356443146
238,0.01768009835170011,0.07759826251295515,0.03453259520716974,0.7163149142017775,0.017146413027568884,0.06888749351062587,0.06784022318820283
239,0.2762379127457334,0.06110106880675085,0.08493566337216743,0.016343930648355647,0.09929900763014454,0.05122076843483632,0.4108616483620119
240,0.1447491325742708,0.08084238296128729,0.19135111506048447,0.016448874866997098,0.27194113224593897,0.05331133549081244,0.24135602680020898
241,0.0862808760006171,0.019099228700645766,0.470037603288865,0.0066135580979114535,0.4057570049526443,0.005736258071364339,0.006475470887952068
242,0.006441192805840259,0.049446502884951865,0.005500244628228771,0.9287748895941916,0.0018348836146786813,0.006219720057509165,0.0017825664145995034
243,0.3782444697866475,0.0568340930487089,0.26089887991574223,0.023467759534535886,0.2126917571399191,0.01578635998737898,0.05207668058706731
244,0.3081107504476112,0.15216362013158202,0.057271175285244,0.016116831485942288,0.23295062387489035,0.011391018331690567,0.22199598044303945
245,0.007617194491428415,0.010807862565411091,0.012655756478074159,0.04567704696562812,0.00576798875173708,0.9087244329803635,0.008749717767357605
246,0.009256382770557743,0.055151404263021585,0.015153928782506664,0.054258069405194995,0.012848582755774635,0.7818229533068372,0.0715086787161073
247,0.03683540801899731,0.42619943203509736,0.058641401432295945,0.4425924885717437,0.004880560451367334,0.005472544803236794,0.02537816468726147
248,0.19379314294457478,0.08254756871300076,0.32870356314461713,0.017504365850127268,0.28029054990700836,0.02907862367059077,0.06808218577008104
249,0.00978423450843399,0.634504553316716,0.006779004302962031,0.30949125867589916,0.0032383597744739317,0.010351234513111391,0.025851354908403623
250,0.03578909923848142,0.13168706078589362,0.023889101590649015,0.5573507783662881,0.018236725850492755,0.11433650067635226,0.1187107334918428
251,0.01920574747506277,0.2522019360734805,0.047640423707981674,0.6373757302950775,0.009916492564741539,0.014856642524085778,0.018803027359570117
252,0.12436731828229952,0.09149530950497435,0.11797961896503717,0.014387220309606225,0.24513620546921017,0.1302478021979758,0.27638652527089685
253,0.06845039970590512,0.08665879789414421,0.46798776493143446,0.06695536035397151,0.12514245717934044,0.1528637439543338,0.03194147598087044
254,0.05354547463027082,0.4850272413706344,0.018080207869350776,0.13539532060142706,0.02597213390932541,0.10291833940742864,0.17906128221156278
255,0.06984558345886173,0.06837992512348974,0.18552303290296834,0.02442082535962723,0.3418848801907967,0.1422235898258095,0.16772216313844682
256,0.15980175871248664,0.3282063379261425,0.17645362220859706,0.041912184671998906,0.09498377575901595,0.09049334196716237,0.10814897875459657
257,0.1925084541298417,0.06998903716884407,0.1870765413318326,0.010234125106207009,0.19899978680629787,0.01789710789055456,0.3232949475664222
258,0.11955100768842479,0.24751574214260944,0.1199841078483688,0.12026750512766163,0.15611390386114415,0.160786081362508,0.07578165196928321
259,0.15553978483981526,0.17789199329684685,0.40648840437536177,0.08142018139121514,0.1238451811347423,0.024584551668786016,0.030229903293232763
260,0.12793489399682553,0.01025730135323765,0.06782027024977436,0.0030927047360015288,0.1573217322710966,0.013101280760713213,0.6204718166323512
261,0.14746979110646258,0.04190971095723846,0.21223757511968055,0.029956724750713475,0.22859157998702093,0.22469562656706582,0.11513899151181813
262,0.1256522251322869,0.03775346651329735,0.18163898787331684,0.07592444238042449,0.10622032980569644,0.07622536906421644,0.3965851792307615
263,0.02232782984807092,0.25434953579827496,0.021067883577091204,0.3294457484415265,0.023505903520708613,0.15612066286554743,0.19318243594878037
264,0.22372052032947728,0.019689793473537266,0.25825925397687566,0.013493298046304036,0.27042830088000347,0.07415064180628993,0.14025819148751245
265,0.013179477558783376,0.22409212014606025,0.03997206965220126,0.6127318428889479,0.019274173112320686,0.05746484095445692,0.03328547568722963
266,0.24347107254413997,0.017453386679415053,0.046255454565194344,0.007583516507000805,0.10596267840684444,0.024648882271494046,0.5546250090259113
267,0.1374834003294268,0.05815746946974905,0.06492721343458582,0.5487334393561658,0.00629463893153198,0.17978746423547493,0.0046163742430656695
268,0.09463017276745271,0.13652281467344923,0.19409576636211692,0.3917103928145756,0.030609039013257223,0.058936270417193,0.09349554395195528
269,0.04366923119211318,0.015815734762639123,0.38633400216473296,0.008633812898753779,0.4529371369219531,0.026118740624925092,0.06649134143488274
270,0.14931711899312367,0.05685468858689818,0.2778970741766595,0.028881434889690177,0.17312203197779802,0.07087162208355181,0.24305602929227862
271,0.23889024263163935,0.0286484587723602,0.35583631476423816,0.008070216274075701,0.34953037203105597,0.003390169537956579,0.01563422598867408
272,0.23311808489656966,0.03148305925697107,0.24915675730221193,0.025101225174618824,0.15215709559329577,0.04501363864244456,0.26397013913388817
273,0.026994534349972295,0.11019159435271693,0.021753246524966026,0.7586056534338389,0.025347963593879023,0.044201166166552605,0.0129058415780742
274,0.0076832092151225455,0.08468140036319201,0.005165280922458432,0.8917001754071127,0.0011297198679632412,0.005063495028132593,0.004576719196018685
275,0.007039694995019325,0.24876619653694707,0.009103811916081731,0.704193055467915,0.0019527437612105055,0.011119244720201904,0.017825252602624426
276,0.2360710528459899,0.06195063209906134,0.1780159212045676,0.04928820961203699,0.3007443989501734,0.020649787082704697,0.15327999820546606
