id,target_0,target_1,target_2,target_3,target_4,target_5,target_6
0,0.0753272720537839,0.03997894122647482,0.2584620811200301,0.017423044479840173,0.312208273716043,0.08983596031000463,0.20676442709382342
1,0.04545811860986987,0.1954072058979442,0.0341559777950203,0.009379713051761688,0.06134936915283208,0.5049192766423557,0.14933033885021613
2,0.05378278473693961,0.06770512611517608,0.15586656385982456,0.03338421353600559,0.04231241225097786,0.5845117265769124,0.06243717292416384
3,0.19708625143476838,0.14758608512912247,0.05788151697124887,0.14998413305588557,0.1533779810913383,0.015027355806934244,0.2790566765107022
4,0.07535060603085143,0.23648413825767797,0.06420493356876288,0.4855398811689854,0.025279096094971105,0.010326150352393,0.10281519452635819
5,0.0852288488411547,0.3744233132349578,0.24243039304664724,0.11614734132254807,0.1488821788896798,0.0039008893495518283,0.02898703531546063
6,0.11650679231643482,0.28784179633750373,0.07204033742151338,0.4299554447536691,0.026924615536750508,0.03808530945756343,0.02864570417656509
7,0.06543376495525018,0.08399919028875899,0.06804736711565815,0.14197207961904315,0.0782445188479973,0.5535767141039442,0.008726365069348114
8,0.2139909130007822,0.08466505351478557,0.25253556034316993,0.11763566503133915,0.290299762441483,0.02759749394309422,0.013275551725345974
9,0.11614327327335097,0.4354111179884601,0.22284807295209902,0.09968650759024555,0.10283559016175295,0.005473277760730328,0.017602160273361124
10,0.21330497982471086,0.048768233933667735,0.29411061671121735,0.02063501022784257,0.35181729713775794,0.020240661877091344,0.05112320028771218
11,0.31118129297587765,0.039821697501655574,0.19854039138702598,0.014604600120714609,0.31410932833534844,0.005309028741992026,0.11643366093738576
12,0.14843663504934962,0.05384584785266779,0.29151081784979793,0.007842912303073121,0.3121469623576845,0.022290831468867407,0.16392599311855963
13,0.29545638089816706,0.048264620416903894,0.30299595388590883,0.0834520882581685,0.2384120836256461,0.012715509809193948,0.018703363106011648
14,0.3123877373286909,0.049790353323927124,0.3333844745376767,0.007930883696070014,0.22152545704717683,0.019186284985978,0.05579480908048033
15,0.0828321093628326,0.2972419634916802,0.12356642798108779,0.40913184529251695,0.05803642292442039,0.0028912547230990435,0.026299976224363013
16,0.02990898467324654,0.17092120413568695,0.05761307088135278,0.33726260546987674,0.03240875667975145,0.3430353504382694,0.028850027721816118
17,0.20017737026353227,0.013276834504491969,0.293728303499217,0.010937127114454001,0.2240308319165336,0.18564313911620117,0.07220639358556993
18,0.021808813094384143,0.21264629402547963,0.13869448575733567,0.015948139362512593,0.10086305598170926,0.4850827793448119,0.024956432433766888
19,0.09344240445458012,0.19271994278195076,0.2406021528090026,0.38885858706479914,0.032456467042404236,0.03542909787053025,0.016491347976732913
20,0.056843555362790635,0.2122045352911736,0.12496912117040697,0.4836196521989007,0.09570276264490946,0.004388750808491981,0.0222716225233267
21,0.24771000572146512,0.056371900754863605,0.2248844786145267,0.015834516618412862,0.3806351437009483,0.004820699587218503,0.06974325500256483
22,0.061378788251433544,0.039109619975775514,0.1073686140104462,0.2508237011743068,0.03531333367101094,0.4958574217773271,0.010148521139699952
23,0.29112797861280093,0.03405892884404244,0.2378284379680943,0.007055521941943629,0.28486040839603655,0.010495023249522346,0.13457370098755977
24,0.08532815966427285,0.29303623216339725,0.12850172802864987,0.4226256523586267,0.025084728563103016,0.02871401535896013,0.016709483862990065
25,0.39073689640483844,0.16100455667397306,0.16608319863295182,0.1011679750375863,0.09554523814084301,0.014719435870913542,0.07074269923889374
26,0.09376229501815965,0.31608693526134785,0.042546060286362555,0.009268341329131641,0.06803624312789971,0.4032406039874189,0.06705952098967964
27,0.09356010089723019,0.1458742841521058,0.058114547511740465,0.09281804552177772,0.0564153045187714,0.5414953093931626,0.011722408005211907
28,0.20987087051367745,0.03969198391653267,0.2288343490646163,0.0305763911389752,0.4157935870335783,0.03212656195390751,0.04310625637871248
29,0.050967035893560296,0.030146447190357084,0.11499815354994328,0.005292297473457715,0.15620119475936026,0.3827088332170324,0.25968603791628897
30,0.08180673987024023,0.39568628211908113,0.09756404180995433,0.2148599464820244,0.039059387730398874,0.003996087483602542,0.16702751450469844
31,0.14822592548423047,0.13064033019456214,0.17073494122645907,0.00849913381216091,0.06994541372600156,0.20378196454595524,0.2681722910106306
32,0.0920598857911704,0.05366422101306752,0.2912783896482639,0.013270239499658245,0.17601305914638923,0.1868005133061549,0.18691369159529575
33,0.34439088442207955,0.13192503997313815,0.23330354943820425,0.03200182987183774,0.11278061354238304,0.0043265023747260985,0.1412715803776312
34,0.1743168964562902,0.19374324764681145,0.0806747575452301,0.3052198196509455,0.037316561497698866,0.022495920643482034,0.1862327965595419
35,0.18293847644677,0.034691155585498484,0.3042136440075039,0.014211130901879265,0.2872335534853075,0.00402329953946704,0.17268874003357396
36,0.17260689333044638,0.0206144726208882,0.2921859155424775,0.009126364860447957,0.25304117518288055,0.185031472334456,0.06739370612840337
37,0.0947835635961786,0.43694742307659756,0.1825296280143498,0.11544402353268786,0.07423140183287319,0.010108399945316503,0.08595556000199644
38,0.1985210672788082,0.05620856592450733,0.3311192923240427,0.015801303825830927,0.3280061796728791,0.004467793092856098,0.06587579788107581
39,0.1946387837139524,0.02912774789234448,0.25343540400548464,0.014877040919250285,0.36606170805476423,0.007658713946701633,0.13420060146750232
40,0.2311585829210987,0.02976683130329501,0.2678904769185312,0.029476629803931807,0.3051942131486512,0.12294997621923473,0.013563289685257352
41,0.0919473650514523,0.17099300786167657,0.1307610300185247,0.02201301659388872,0.12066986990918882,0.43700408741389685,0.026611623151372065
42,0.10557654780773962,0.38120427124506767,0.07567230242400588,0.2959116701761091,0.025164294547596788,0.023274181845843837,0.09319673195363706
43,0.12272487572755439,0.016361534766334028,0.3192547609201057,0.015044620080893484,0.296904436346709,0.1574062356993629,0.07230353645904042
44,0.1283519092897899,0.044988015381140375,0.33551667631581894,0.28519541965334183,0.1101359202824154,0.0852605898162496,0.010551469261244041
45,0.21341993796161002,0.01181793194142361,0.16813772468233537,0.007249930611501203,0.15783429705065014,0.39986902663571444,0.04167115111676526
46,0.05082219132373741,0.14249498799014848,0.026038563680236444,0.1789954211216316,0.03923093192226288,0.515838385723679,0.04657951823830421
47,0.09725800506048966,0.2330359341079983,0.037523426004259355,0.484818066703265,0.04279246340696442,0.07573908799948942,0.028833016717533834
48,0.06607861590491358,0.23383658389617187,0.04964842233040566,0.47763073819478724,0.023914457284786965,0.07077492837808792,0.07811625401084672
49,0.027241930460482892,0.10913609073407729,0.09795739941014278,0.014629506531547048,0.0998660494260362,0.5658347455903223,0.08533427784739137
50,0.2660313918014004,0.008283366230134766,0.217206336160711,0.02014780664717101,0.23820970521285156,0.21189357829676259,0.03822781565096861
51,0.328925319264454,0.03704772001762346,0.29559585481167366,0.022587214890576062,0.21803086241309727,0.004566773821692061,0.09324625478088346
52,0.1381905120338112,0.0381284516033524,0.1105332083132625,0.009120859605176692,0.15284222464118907,0.3719186110164623,0.1792661327867458
53,0.17863556091487026,0.01902380853363027,0.21341960798230505,0.023143774444964516,0.12227598103737983,0.026848009753431434,0.4166532573334186
54,0.21863774078358741,0.011945698056879178,0.28820157033749655,0.013105191094771568,0.162516749633709,0.046031370507648196,0.25956167958590814
55,0.06420524559178799,0.0751923378851759,0.1261106478091382,0.13379766229696216,0.06952374663303734,0.15182823983870936,0.37934211994518907
56,0.13977034613595413,0.23678490839543334,0.2635188341582986,0.03159107734362737,0.2971090681589775,0.010485680122886825,0.020740085684822294
57,0.1818631994503313,0.021265098819841285,0.15214308478692018,0.0059306281813704936,0.1604002408595692,0.03498784358938046,0.4434099043125871
58,0.16819977437992467,0.033099021808189764,0.2744289054842932,0.03107306677808765,0.2818930513374462,0.003957252211141382,0.20734892800091703
59,0.21577908496185913,0.21988071627408007,0.13449180432892074,0.02352417268766329,0.27826857988480225,0.004619585485428368,0.12343605637724615
60,0.05889282129877369,0.030764505665109805,0.21336655464996737,0.013731026530528687,0.2065155361157059,0.05903362497233043,0.41769593076758404
61,0.2564474402526438,0.05160766445390177,0.3392200925109709,0.007317590137823837,0.18951321996616635,0.06816447788445404,0.0877295147940393
62,0.09753858347779581,0.17021666508590283,0.30556250456160655,0.2720488564217035,0.08252228751192982,0.00513433946670646,0.066976763474355
63,0.2897239330377152,0.03508303593576947,0.22345010856768632,0.007474854607134743,0.18158671214904956,0.015773284416531225,0.24690807128611345
64,0.23085852228261156,0.016199363388300404,0.15199961725489222,0.006038414349191911,0.12903527549144084,0.026146955607370837,0.43972185162619215
65,0.22216630498833972,0.018465088410278788,0.24936800035328943,0.007133451588601872,0.39001851991027364,0.06193038049478474,0.05091825425443175
66,0.17125673386751616,0.01636462562520353,0.24035894708552075,0.009565077918509033,0.27705090228684925,0.024087475653670427,0.26131623756273087
67,0.06804599047586007,0.08002916166695158,0.03695213232105775,0.30438672969558017,0.12947852617777464,0.2931106970587683,0.08799676260400745
68,0.17641681019884786,0.01491455604082434,0.11291594768589983,0.005961696087581294,0.2038695760796705,0.049631804462278016,0.43628960944489814
69,0.07981692794382002,0.419445848927918,0.13654823272768066,0.2397091366356324,0.02887135516217783,0.007912384321717892,0.0876961142810532
70,0.1923418692595666,0.03469017625471769,0.3048943783903296,0.07027489681794231,0.2937347958882182,0.004331069900032437,0.0997328134891932
71,0.18302175743632124,0.1447474864811799,0.18398376021980875,0.03921563996737945,0.23166925387433063,0.04660496433968242,0.17075713768129758
72,0.07038136792121331,0.39127089350292005,0.08754275267428742,0.32066391488842083,0.027558397599940186,0.012130905781681762,0.09045176763153637
73,0.0433005746708723,0.012870656564127517,0.17203751065235834,0.021292438739937837,0.15247684739237372,0.5246938314887194,0.07332814049161093
74,0.06814796285769929,0.34329048634001247,0.05848817595569924,0.36623366465347645,0.026154763397355292,0.04109863163433214,0.09658631516142518
75,0.17714452497614083,0.04607206164920656,0.2186235241981953,0.006619179641402441,0.09801023625089184,0.22831772294607733,0.22521275033808572
76,0.14312552557434216,0.07092750097487976,0.21358273388949495,0.007215850708085401,0.30479456487817536,0.08279168977793318,0.1775621341970892
77,0.12433728343442514,0.01945149386873779,0.08480309003491372,0.0066922411785894035,0.1354972107803567,0.21517477945678723,0.41404390124619006
78,0.23216717744493093,0.03469220125029566,0.18219722440600897,0.008198173175145353,0.35033701502990466,0.010047382670065413,0.18236082602364903
79,0.04985123700893547,0.23175028688365717,0.07599023659956741,0.47350771937768404,0.03289131662871472,0.004168290587919358,0.13184091291352187
80,0.21730323372198126,0.018864818188059674,0.2552882954001973,0.009259369231927547,0.2523420436154111,0.17556130917109602,0.07138093067132704
81,0.2014348030468725,0.06405512936840033,0.328434959684736,0.08217235327260713,0.26119079561643044,0.0038813000384855362,0.05883065897246799
82,0.14291389422294737,0.015102014611697162,0.1224542393528952,0.005928932769777901,0.2499731411752321,0.05483773769918306,0.40879004016826714
83,0.10601408337099646,0.29942248219346695,0.11121081843416644,0.4025402394985328,0.02655219006953812,0.03889741678813101,0.015362769645168172
84,0.23853418596067852,0.09487731319029544,0.2906606396462273,0.008602626711363744,0.30543374048280447,0.010673621572502642,0.05121787243612787
85,0.21320372462316803,0.05462618487197037,0.2964963070663361,0.27615150567169444,0.0800230046268334,0.02090022567733795,0.05859904746265977
86,0.04839889348125033,0.220847707462758,0.07743555734211673,0.45560132953668575,0.030316117736739874,0.15311369069666697,0.014286703743782376
87,0.18170950764229904,0.13251442687256407,0.03031143075747251,0.27710330573660297,0.044613846269142686,0.29813227121762764,0.035615211504291006
88,0.08357613310631648,0.018314466518551887,0.0740936584960046,0.00483750771568165,0.13122955458428476,0.3951651042964492,0.29278357528271143
89,0.033950109318534274,0.057314158157374416,0.13551528782738714,0.004937298569352614,0.13743794864700262,0.5130337298543596,0.11781146762598942
90,0.25065287809219383,0.027040550591056638,0.1820291614231018,0.0094734548900208,0.19965583384881258,0.009272820990110713,0.32187530016470367
91,0.26986179862387577,0.021841529681346523,0.17108566286592106,0.0063136574349524745,0.17337557440738743,0.017383092103439017,0.34013868488307775
92,0.05814604593615298,0.3404956922573962,0.11685173027166332,0.16772830722357393,0.18042145244328295,0.004152141710583798,0.13220463015734696
93,0.12957870110800407,0.2557311775584412,0.03467483678687018,0.03455959826918559,0.03470316944674893,0.39932992964718206,0.11142258718356801
94,0.07435884604811913,0.2721860239539836,0.1210996716179038,0.4504597163243342,0.031223296613825946,0.03433244499794627,0.01634000044388706
95,0.07653155123819234,0.2110765692193793,0.04821102725248262,0.06913323799960297,0.08580441380458638,0.47280554522552903,0.03643765526022735
96,0.10488735921680019,0.23581362984782941,0.09448006981985778,0.4866022781751533,0.024408084924379906,0.03758519029909356,0.016223387716885813
97,0.2158510729253817,0.06512412316212128,0.20999289315812703,0.22999001703971444,0.2164563952135984,0.007113677888047118,0.05547182061301004
98,0.15474446960083216,0.09357109929041524,0.09792662180007222,0.007107361252289108,0.07610953757597623,0.4243981445482333,0.1461427659321817
99,0.26412430222583155,0.009239791814200333,0.09410526244975906,0.014339839421491307,0.1594603877151253,0.15111907461316182,0.3076113417604306
100,0.1983166174136442,0.03278005845100442,0.13053719873272449,0.0091203046104972,0.17557763094210624,0.005048542418376654,0.44861964743164684
101,0.27572782091806036,0.01998861785037792,0.20008076999773347,0.007800665911231798,0.35747973613616896,0.04937034535199566,0.0895520438344319
102,0.21469746388954913,0.03619172532637037,0.2576978216406085,0.009639099043363063,0.3621657389506064,0.007545792251682422,0.1120623588978202
103,0.054578563316899864,0.06992309102231554,0.15082107453838978,0.01194216683881046,0.12515298052043677,0.5713045113256005,0.01627761243754712
104,0.1914539617929543,0.05983166712400924,0.1403375344915864,0.12960979582285598,0.27229440664497,0.01055276491542313,0.19591986920820098
105,0.07728411165123346,0.27478104610709614,0.04436501164873324,0.42969442176659395,0.07537454832134688,0.006444538211288249,0.09205632229370811
106,0.31251701784344843,0.03664961073982256,0.22110291154842998,0.009437326020681227,0.33341944487194247,0.022118849803035842,0.06475483917263945
107,0.030751717937624566,0.11848540861323034,0.08462724920675858,0.1266999217316657,0.04163086968046718,0.2914668855568683,0.30633794727338537
108,0.021468993413462447,0.23326625458141295,0.09718039055985286,0.4762453984573202,0.08994354361553368,0.062159528937166766,0.01973589043525103
109,0.14950132505546793,0.04577079029460927,0.19395337084433156,0.007199214070999811,0.35805458825886705,0.008953006865328789,0.23656770461039556
110,0.17243908368939292,0.01622972978886513,0.2053016992512812,0.019800954032563413,0.16230947412061364,0.31890397902007417,0.1050150800972095
111,0.0921563276816495,0.3768619654063824,0.10100913178735038,0.009736740785244516,0.10167931209298457,0.13457943406341544,0.18397708818297323
112,0.20899833741439452,0.03548116302843761,0.2290777832987801,0.007610046544457766,0.39586495951194123,0.08141258941493332,0.0415551207870555
113,0.17829213503849461,0.09151068605759485,0.13505961211007542,0.240652444469587,0.031184681780914696,0.021444929576946263,0.3018555109663871
114,0.34633335629640427,0.01953962184972608,0.13752215470255363,0.03676325675894192,0.2643547009112594,0.011510225737763701,0.18397668374335102
115,0.12087150318404975,0.2755180406576393,0.08614901544667351,0.40777245370701654,0.03228325423136775,0.04824559088175438,0.02916014189149877
116,0.03691873001679061,0.07468315513372965,0.06062911710126023,0.282422887383909,0.05324459997571999,0.45876650118093265,0.03333500920765787
117,0.053646736262138506,0.2916979127487612,0.12388028014674668,0.38786193177345396,0.028933622239526335,0.10023250762460927,0.01374700920476396
118,0.1215740306162362,0.09518696411134211,0.06715364312620416,0.013301273399501018,0.09023278598449436,0.5230659821685003,0.08948532059372188
119,0.18981213787055454,0.018950624771134718,0.178240401356323,0.0094188854245312,0.21057458612923635,0.015745929855521805,0.37725743459269845
120,0.24865427894520967,0.04751124024120403,0.24373992110836912,0.0077471200271309135,0.3707979519753253,0.05377771270472638,0.0277717749980346
121,0.08522366600718656,0.05386153417043295,0.1688041506564173,0.048639981299588034,0.24037060386930936,0.06363401912411716,0.3394660448729486
122,0.05100098159950336,0.14619457596148505,0.04803607944574654,0.20558105090936035,0.025769258180621944,0.5027621814219838,0.020655872481298916
123,0.15814072105354973,0.017373940354826818,0.14002071912275374,0.007351634419145827,0.17306727281150733,0.1136266314222629,0.39041908081595367
124,0.1489157093373607,0.044160510430065546,0.24285623310879179,0.009732683395819845,0.2406597269315594,0.015521894845737108,0.2981532419506656
125,0.033949954338083274,0.22460187111025923,0.09848817015600654,0.4814274218898345,0.029497824335945555,0.047196561943643425,0.08483819622622744
126,0.2405003825963788,0.02110361565592207,0.1949034699162505,0.009971412414146254,0.21738436268467068,0.20726027181472037,0.10887648491791133
127,0.29585692665906654,0.035943372507783254,0.24964037615345314,0.013149580573531123,0.28862499615865234,0.005460479433089456,0.11132426851442419
128,0.22696046404389486,0.015410396948296736,0.1474226789164072,0.06012598209012625,0.10753267821830408,0.39162336637248946,0.05092443341048133
129,0.09892915001326666,0.048317206342609685,0.07189164961345519,0.006069817693822902,0.09493697596260489,0.4561028157240214,0.22375238465021924
130,0.07669301658205796,0.3459757326388436,0.06294899952243707,0.22663691762989116,0.03160441700495948,0.005978980422031717,0.25016193619977906
131,0.291708668604313,0.04922016046025372,0.2529427985970427,0.014275928334384718,0.3220313530893315,0.005352393793464358,0.06446869712120995
132,0.06303717891270448,0.22554184811582095,0.11371893109436362,0.4755475933811196,0.02723945682369756,0.08117751380600269,0.013737477866291092
133,0.11728678216705964,0.020689157363872772,0.20202490383504107,0.007196390780207833,0.2501346515959071,0.21385108406276224,0.18881703019514937
134,0.24470770450696797,0.05724171807512045,0.3575411144047328,0.012784720923202344,0.24105486715914007,0.006390310206891703,0.08027956472394462
135,0.07568347856242433,0.2458578516866464,0.09193203042375453,0.4692703602222645,0.026857332845147287,0.07600689029814336,0.014392055961619576
136,0.20193219154340328,0.05557606905247654,0.2890161753715389,0.08922828262212347,0.19910739153460963,0.004831582213129551,0.1603083076627187
137,0.20122470938431736,0.039789452301327695,0.2533023029016098,0.012618516888769036,0.23919899344695045,0.005749336871658346,0.24811668820536728
138,0.2208204670440083,0.029160857086950702,0.22413056855580105,0.007120742027998757,0.40033939474174085,0.01741346105509161,0.10101450948840877
139,0.0300139752072259,0.15679642434015795,0.035628333160724994,0.2401128609947573,0.04158017776002879,0.2417514633399583,0.2541167651971468
140,0.12596138715902322,0.09965812351971486,0.169194271986995,0.00861988443386722,0.15305334471609808,0.07567842599157139,0.36783456219273025
141,0.12013051959450038,0.3729353109521906,0.22443449397215626,0.043992208961483814,0.16988811290110234,0.044535831160108064,0.02408352245845849
142,0.09755447748742456,0.0181253706225945,0.18353055560771897,0.0065204898914315804,0.36273565211040665,0.13101275892835043,0.20052069535207334
143,0.07830665452841225,0.22473106633188591,0.14737317364895547,0.47796386219050735,0.024620284573886625,0.014453737008564857,0.03255122171778758
144,0.20353090921429975,0.042489389319414435,0.12127516467937301,0.006866400293165403,0.13945542668969654,0.038615230357882314,0.4477674794461685
145,0.03836733613972451,0.0511809109848533,0.11847884269154647,0.013677319093121509,0.16828977228943098,0.20721389173580734,0.40279192706551586
146,0.046212155667100865,0.09783476977603994,0.04996468249967721,0.2551048757144515,0.02473378896192343,0.5059633610928854,0.02018636628792165
147,0.06887329739446185,0.38267269685602184,0.05689098075773811,0.3049992420239681,0.02708886269658505,0.009528686120344132,0.14994623415088087
148,0.06731094811304664,0.23118797304178287,0.039949711084013136,0.4614422322956602,0.037714137951143326,0.05387029096605389,0.1085247065483
149,0.25403372664636514,0.04010679942855629,0.2685445585634917,0.04047714614643215,0.18514680166723693,0.010439727937220943,0.20125123961069682
150,0.05385628563234662,0.3889557149954191,0.06827108052851269,0.3255701041206572,0.03313998191652627,0.03302486394616205,0.09718196886037615
151,0.20855001037828164,0.024809875022630313,0.30871966195843137,0.010420147239903916,0.32233377588936446,0.033457773730008245,0.09170875578138013
152,0.11954855835192768,0.14792611628226268,0.05873091382690413,0.08491265628829622,0.035886979203635073,0.5418720594048707,0.0111227166421036
153,0.0742745554146553,0.34645313426987023,0.10557301808448098,0.37394430376150334,0.025324518847907585,0.04543764602629694,0.028992823595285634
154,0.02868831095697874,0.17084530506757828,0.094098076201545,0.43316835967379125,0.03987905846402087,0.09939361548824457,0.13392727414784128
155,0.09961667316586069,0.04104004503879588,0.18125609064387216,0.005782487214249697,0.10168860955256653,0.4886413636619669,0.08197473072268807
156,0.22239656984147732,0.07258580213018007,0.27237903384200857,0.030350831198610807,0.3282371607293535,0.030901462733510153,0.04314913952485957
157,0.1932054743892368,0.07862200051087348,0.19874626452372654,0.00782955362722396,0.28555156026605155,0.02218877755624273,0.21385636912664494
158,0.05901520042932144,0.27300737826236426,0.0645458609309266,0.41623579776506076,0.02403692857561813,0.046927801736613504,0.11623103230009535
159,0.04908647083874408,0.11517195455665408,0.048161945946551446,0.24189794876382625,0.026406296824751863,0.5021694575477577,0.01710592552171463
160,0.04665316324149233,0.2741759074310789,0.04342672226648711,0.03245370586085787,0.028999056402616512,0.4185923299939477,0.15569911480351964
161,0.17621431928635964,0.1387035516048336,0.3678128279349441,0.03167224455828975,0.18976154211091917,0.03121481151334913,0.06462070299130461
162,0.14844564364228535,0.07100755579975669,0.21937546887754178,0.01582529937701861,0.34149358932385593,0.07556261653803828,0.12828982644150327
163,0.09157908704285475,0.23848865128972827,0.07059648947157125,0.49104170976137845,0.031968120998444344,0.039831931702391854,0.03649400973363101
164,0.06454127464772409,0.3174522093833715,0.1177081298817451,0.0523210769872793,0.23884961822468007,0.07498332132270716,0.13414436955249276
165,0.3490648569818686,0.012788989476707235,0.1185612117627074,0.008735717581796735,0.1805684156382381,0.16925999507191664,0.1610208134867653
166,0.12875398047486905,0.0338109280007537,0.0797114253672031,0.31244670523197626,0.02899451684218109,0.23281092747009424,0.18347151661292263
167,0.3769809596570452,0.033409873767214084,0.24922682609246283,0.017025802385025903,0.23240905677305435,0.00927102436058767,0.08167645696460993
168,0.1705294349251349,0.017478497453288437,0.07048473752045556,0.005809108614593764,0.12135323567152034,0.21470716312793572,0.39963782268707126
169,0.28254708250486454,0.050888061967993094,0.19784323542614923,0.0071812580127532995,0.22859922856668508,0.1274146722107155,0.10552646131083916
170,0.18906530918770917,0.043587365943759775,0.21971886670358926,0.006285689307575236,0.14054416760065735,0.009580805513244996,0.39121779574346427
171,0.22521641568153622,0.23981888620048641,0.29304193789442196,0.12352690744997549,0.08384207545937603,0.003756971683832354,0.030796805630371554
172,0.3552994386811348,0.016955678234960157,0.21622972693315407,0.008077977003955333,0.20989971347546343,0.024563400758393465,0.1689740649129387
173,0.2474940514294805,0.1562356984840357,0.13378956225821587,0.013804971086564357,0.08402716430618046,0.0035216499432861566,0.36112690249223695
174,0.23413629297945987,0.015201476837119426,0.14855240914579304,0.030273762538599664,0.12621799472659728,0.08242783590547229,0.3631902278669584
175,0.22001636985089443,0.01831133654770247,0.19981078946659503,0.0068974371560475475,0.37157741077206635,0.033058801483252305,0.1503278547234418
176,0.18384087785512687,0.07755128664794167,0.3579740535074924,0.13949495247325164,0.2155151728556688,0.004575679809626205,0.021047976850892415
177,0.2672932918328672,0.09305756419472941,0.2669256698761201,0.027614921904731488,0.31294433802540267,0.011042931259750314,0.02112128290639876
178,0.0419098751960955,0.28540416530537854,0.0465092298148909,0.4218060657106976,0.033202560542898316,0.1074880523318014,0.06368005109823782
179,0.20655180634305487,0.0883383450270874,0.3743857754445004,0.07507031467435711,0.15507229627913666,0.00614069123442877,0.09444077099743471
180,0.04342358403900234,0.1667273417995768,0.09105491845531719,0.13953972457212427,0.031909526208158165,0.5144379031368581,0.012907001788963183
181,0.10626667298768133,0.3230784795261971,0.08231945926105225,0.2973206509416033,0.04080444283415214,0.003904144431232401,0.14630615001808148
182,0.13586607541687296,0.013090850364350981,0.10506309697855705,0.007522907690164986,0.16118214803656838,0.14033440501443306,0.43694051649905263
183,0.1568899064453342,0.06690211215493616,0.3299281541853133,0.06393974250230858,0.257670410817377,0.09716766461449908,0.027502009280231676
184,0.11635684211098654,0.32939210283583786,0.06070494985333201,0.33311122115431874,0.026421423268213368,0.11748563798532644,0.016527822791985093
185,0.24267090365744037,0.026765228394821833,0.18150553602627814,0.009145870077922677,0.3856392278548271,0.01093555096756583,0.14333768302114405
186,0.07210460922128996,0.220386679890681,0.17706990076447585,0.07796050182360259,0.09912484365645882,0.09788870132963964,0.25546476331385215
187,0.04871739227480533,0.02005915937613349,0.2503457077645451,0.15910381167513227,0.12608049687948744,0.3272580849934553,0.06843534703644102
188,0.09186930757441604,0.3585663659884205,0.27532807055383074,0.18936346960059158,0.0326835919126921,0.016700384587530002,0.0354888097825191
189,0.029071771979618678,0.10778791199627866,0.10930058963404796,0.012345745379317534,0.28816398944008326,0.1812812644047557,0.27204872716589823
190,0.07048962053823901,0.22812088631603408,0.07072388515286232,0.4679673367042289,0.026819155476520078,0.12102005964717148,0.014859056164944115
191,0.08404537746504762,0.2006966911621816,0.09131278191975012,0.4838593356160003,0.026018928775191175,0.00702936004474621,0.10703752501708297
192,0.2616246096209146,0.1276997630841006,0.22950332693578285,0.08374375213010546,0.1501672446516423,0.1315367562925664,0.015724547284887723
193,0.024837224193828195,0.1779002497683267,0.07751159345400842,0.09265208914694181,0.04224329380322236,0.34834533261137673,0.23651021702229583
194,0.27158354484425223,0.04996709280285075,0.16454537248406992,0.037232228372635616,0.3080106282655854,0.11147153279907092,0.057189600431535134
195,0.2414656435703447,0.03536799208586984,0.31983742274732696,0.0072548302782949395,0.30081345822812133,0.017616292528313364,0.0776443605617289
196,0.0674793585438961,0.22438536108180723,0.06356754888849506,0.4649062610610139,0.02334321194818168,0.1387675059249453,0.01755075255166063
197,0.12175442796327177,0.25162886202606144,0.21174431069905184,0.07195485635105621,0.31934416093461404,0.0049010185046498515,0.018672363521294914
198,0.3276827194830553,0.03665352802237667,0.28025716474173235,0.016748219624838787,0.20815917285345803,0.0038256365111994186,0.12667355876333947
199,0.3020533792194827,0.049150421757298765,0.16280290161755911,0.025943064743543374,0.1701247979134342,0.007026466767551022,0.28289896798113073
200,0.10163783063881338,0.313699349807658,0.1223509547792577,0.3877147990427707,0.024907764908035403,0.01646304811445922,0.033226252709005574
201,0.28784548846602653,0.028347678387684344,0.2009457976863688,0.006286256336007569,0.125240899271656,0.022921083572341926,0.32841279627991476
202,0.0729486500304229,0.12920286845610726,0.22361987324988672,0.42952090688125477,0.05062287923208175,0.0037312062137503737,0.0903536159364962
203,0.02870541959415942,0.23232991426016697,0.10517250925791857,0.18715199730007576,0.030983931209752076,0.30230843278493535,0.11334779559299187
204,0.052943906392203054,0.05960028503903984,0.289535629208317,0.09916744766121832,0.18147472192980513,0.2570541930444681,0.06022381672494859
205,0.08377098658616003,0.389929372540175,0.07283882887416833,0.27655560651818123,0.02594013533973765,0.011496186215589515,0.1394688839259882
206,0.06772260323837268,0.35523027472300556,0.1391337154526866,0.3478915627265803,0.03111300387117698,0.02495891441452665,0.033949925573651285
207,0.29422410580689784,0.046827367275268844,0.22696860434077665,0.015564741308959237,0.253806515601357,0.10431727323132992,0.05829139243541052
208,0.2557847524215474,0.020288197609808496,0.2815142968147435,0.009962735055430948,0.17414739237630267,0.2134668982883193,0.044835727433847644
209,0.2285173003622812,0.033320565277324764,0.2888853847932372,0.009216688645325035,0.3389286664401099,0.009704318164476974,0.09142707631724488
210,0.16686246130299606,0.11159136052529854,0.14545133468987664,0.45886796422087334,0.048889863535342484,0.05869237958491611,0.009644636140696907
211,0.1661239743404002,0.040115176828302505,0.20300457856804538,0.008435690767206936,0.2265342235329375,0.136171696629763,0.2196146593333445
212,0.16713865439665423,0.033658724734735385,0.33683449115018044,0.11214495372028052,0.31543297245037777,0.008986058492691507,0.0258041450550802
213,0.16564340264865235,0.029649911354353853,0.26256262530616986,0.008981594738880782,0.12994806724462635,0.00705599944987956,0.39615839925743723
214,0.08766720184190895,0.36600673163733904,0.06306513905814676,0.34841049419933945,0.03943593550272353,0.012986482924091953,0.08242801483645024
215,0.274807716496008,0.16528622286277456,0.30706278682801835,0.09645227103865942,0.09241227504923416,0.03898703705810859,0.024991690667196934
216,0.120846111215082,0.015352247898746774,0.28543266846174414,0.008761806604682133,0.3490181044368482,0.08223129092783617,0.13835777045506056
217,0.07117592188197983,0.2106326640462597,0.03528976280790552,0.4467481303557993,0.02238007803840735,0.18055863720751775,0.033214805662130545
218,0.07575858226271606,0.051490303907359314,0.09214828573947051,0.1706232197480336,0.03294285576532543,0.5377024802828432,0.03933427229425197
219,0.0725055033848239,0.10540504934342701,0.05361145871456831,0.22846357538889078,0.028820585126547893,0.5007811340471054,0.010412693994636802
220,0.2914162445046397,0.16241182662058862,0.2379609931666337,0.014608174224273985,0.13945585670220748,0.1314859832038664,0.022660921577790184
221,0.05790514782099847,0.01486962598114446,0.18371461950406548,0.13839955570416718,0.07964755257713009,0.5177475837411878,0.007715914671306489
222,0.03694947990251834,0.16480113023158977,0.0749474591523995,0.05634379715282232,0.23327283244844516,0.16362020571549077,0.2700650953967341
223,0.33009648315002593,0.05365275410374844,0.2758423850714089,0.015909549362452848,0.2630117109428718,0.017103674419585754,0.04438344294990632
224,0.17021973153549128,0.06000052406773809,0.27673770168191225,0.31795630889156523,0.09977045730349757,0.0052911990425208635,0.0700240774772747
225,0.03703406653841761,0.05217891215680791,0.04569800936126274,0.24466948440652675,0.029821034862677342,0.5133735633279858,0.07722492934632189
226,0.2547936773258643,0.02125384078753193,0.09052601480533651,0.00577632684241637,0.08987606082527509,0.202945233056507,0.3348288463570688
227,0.17482962853249107,0.4222232160459887,0.11424303601824237,0.19316983659445974,0.04590671533001687,0.008401977719776507,0.041225589759024725
228,0.22811614525785368,0.04106066159849213,0.32627582178702835,0.032368258918138305,0.25934145813655374,0.004240125271100308,0.10859752903083339
229,0.3436623291856441,0.1981363495486135,0.2224632346377115,0.09903703553241514,0.0842910169327389,0.02932152386921662,0.02308851029366024
230,0.03782236361748868,0.2347127757802608,0.06453723458772834,0.4822674022246365,0.028010637563229645,0.04958595875712763,0.10306362746952842
231,0.05604957020438819,0.17318771522505194,0.06230469426382592,0.028230146397462935,0.1001000567603378,0.56232920677312,0.01779861037581325
232,0.049776431308483485,0.25177272926545063,0.08343507767432154,0.47736401199930256,0.05095486477606219,0.011850303266869932,0.07484658170950964
233,0.2535360728351484,0.027707467513906948,0.30075141452944076,0.007834525636927098,0.30221934319216504,0.01667637774805037,0.09127479854436152
234,0.16555939579798162,0.030615007212046946,0.1028651296094825,0.005735766327694022,0.07371589907412432,0.3156721746599596,0.305836627318711
235,0.24447142385249077,0.018931193947779205,0.1610332593786554,0.007597241665866528,0.22274957544298463,0.019487983128963854,0.32572932258325965
236,0.07331558317674584,0.37033579736766264,0.06338108467937723,0.34991673656195244,0.05328588909106609,0.01594605148340843,0.07381885763978736
237,0.07674234308587573,0.07117563321596891,0.27449267401289557,0.03061050542786948,0.22644575685532384,0.008577592311054405,0.31195549509101206
238,0.04306878006316919,0.1905806611926514,0.07851261294087122,0.47238835324593387,0.03277455687090276,0.009700407436815559,0.17297462824965604
239,0.18807669060639165,0.04229012537765539,0.10937448004939154,0.007708219673309221,0.29744998197999595,0.05508854315780452,0.30001195915545176
240,0.04078032083762703,0.23925179881984954,0.13006616576190927,0.009071493794884918,0.18461943843601375,0.059440294174966324,0.33677048817474914
241,0.26608732214167585,0.05137047350933518,0.31072909467251264,0.0176351502139096,0.2940945368671505,0.022515092244878913,0.037568330350537284
242,0.10971569100842164,0.23010027406375722,0.05518368484787685,0.48256154953588926,0.025223916332207247,0.07252607418664277,0.024688810025205017
243,0.24430679347396053,0.05215235256868633,0.26932639043894135,0.019843839803510607,0.34506144475115696,0.003949823299056249,0.06535935566468795
244,0.22185333328887946,0.2235554245682838,0.09794444671118427,0.029892032328724765,0.29056399057810733,0.00786799830592796,0.12832277421889243
245,0.03354446776831529,0.0633226412900745,0.04214331834087982,0.25541766268488314,0.03353269274633003,0.5114027438581529,0.060636473311364326
246,0.020361903751520756,0.09181078374914464,0.06749978285324396,0.14349972809065975,0.035202112177801684,0.5233630163367726,0.11826267304085658
247,0.09552861568414708,0.4003264493623228,0.18775348078415893,0.234903850987703,0.030908626559829185,0.008560848411007774,0.04201812821083123
248,0.13320866131519965,0.12129816772076289,0.27523263464642356,0.009068728424017736,0.37747922266154127,0.012919223443701038,0.07079336178835388
249,0.07998066871596152,0.39527519241910863,0.052628222036233206,0.31445630346003,0.025410966859968513,0.06766599385332503,0.06458265265537304
250,0.040097123105194026,0.15189609684019756,0.031813196779797874,0.4463078722466789,0.030455871670308755,0.13933631885303305,0.1600935205047899
251,0.043449029787577684,0.23624488926764817,0.07696797995265404,0.4840162750126306,0.026117689691553737,0.035289977164868626,0.09791415912306714
252,0.08896844235116841,0.05299893340379001,0.13212995322981608,0.005729860261416234,0.19100576513238698,0.17804540280800046,0.35112164281342184
253,0.03661462786377439,0.09523211265687702,0.3022754969734757,0.14615541775970295,0.16675125687259099,0.23832871889113702,0.014642368982441928
254,0.07537107211112641,0.3328322615047689,0.033760986822089105,0.26763344523005833,0.029656639891766846,0.08318629810066835,0.17755929633952205
255,0.04538221395415409,0.04264416887525886,0.1456381940959111,0.006691089737248598,0.34186114290287567,0.13579928124366106,0.28198390919089056
256,0.2405774438688323,0.22587534584078997,0.1749130247842557,0.011631304779867476,0.165730409115132,0.015484911375674731,0.16578756023544777
257,0.19483722619570065,0.04559096716884183,0.2514341373219893,0.006896151427657461,0.3092185294357127,0.012888990822692825,0.17913399762740523
258,0.11535356776502544,0.3376906541333215,0.0959632887787693,0.12024803477611008,0.17329525151555175,0.08683295806749056,0.07061624496373137
259,0.12919423496856525,0.2644990171363227,0.24158243789798156,0.17137239475203278,0.0989512855599602,0.02048303368359023,0.07391759600154733
260,0.17379988827933537,0.025797064403142937,0.1298004639011571,0.006460304425891425,0.19244812675868386,0.01196266390696377,0.4597314883248256
261,0.08487129091675948,0.019075640169489948,0.08292643034388132,0.012235932288989254,0.19598020520889947,0.35808912078913135,0.24682138028284922
262,0.21317570134468505,0.034548780503576244,0.2827652210590436,0.05140132278825436,0.13555814466717628,0.008509025959651495,0.27404180367761294
263,0.034767792513190114,0.2813654715377789,0.03694230249003379,0.2839851429585245,0.031876164722576025,0.22533324362419757,0.10572988215369905
264,0.13563381323846307,0.012601795874443517,0.24133574022100146,0.011354809447888447,0.27068829505488023,0.2582268643458458,0.0701586818174774
265,0.022982869910801555,0.24918336700194152,0.1035783241973828,0.47926533545430255,0.051986396305268114,0.029769014214494422,0.06323469291580908
266,0.21899095000573884,0.024409022329784223,0.08349662544483323,0.014133207239300349,0.1551480778254422,0.05787157426667518,0.44595054288822594
267,0.1234968473150303,0.060607471917669686,0.09244088199263839,0.3714257955981012,0.029541493511395206,0.3091984537661263,0.013289055899038985
268,0.09958331571984605,0.03757709143084732,0.11664133803703028,0.46808347695857816,0.07521859519258679,0.09034228954492556,0.11255389311618584
269,0.1607871309014515,0.020796211010730432,0.26794314537196645,0.007512872151215476,0.3468423691818323,0.04318186824705114,0.15293640313575269
270,0.12972420295793113,0.07377786240956948,0.26471077863541015,0.010633932413253559,0.1805677513629494,0.007283476666788358,0.33330199555409795
271,0.2796147539617058,0.09649884791437935,0.24612092869563398,0.018873757695620077,0.31098898244852974,0.003848974441615082,0.04405375484251596
272,0.1519220064941124,0.025706329449790084,0.19503360668905462,0.013092870806317583,0.336484769028841,0.05322880849274371,0.22453160903914057
273,0.05762646390690006,0.23253741253895663,0.0677222056444669,0.49363986725460035,0.052574608716149426,0.03631231986795309,0.05958712207097355
274,0.10170370286503949,0.2382550101295859,0.1017943588151314,0.4884666865731406,0.02449236629949042,0.02686961035471135,0.018418264962900898
275,0.06102134221430391,0.2657801778479606,0.061389952204508935,0.44815989152153,0.024167042903678094,0.05664834601509705,0.08283324729292155
276,0.24457831718431855,0.07423261788243887,0.060196215483402926,0.23457694741877874,0.19604091695278708,0.008235799475628336,0.18213918560264544
277,0.059306327089918065,0.24986966068241617,0.030650416264882952,0.057518360452535056,0.03657250846847006,0.25314960072091214,0.31293312632086556
